ticker,strategy_type,timeframe,allowshort,method,optim_params,rank,composite_score,params,IS_start,IS_end,OOS_start,OOS_end,FULL_start,FULL_end,IS_Количество сигналов,IS_Количество сделок,IS_Прибыльных сделок,IS_Убыточных сделок,IS_Процент прибыльных сделок,IS_Средняя прибыль,IS_Средний убыток,IS_Среднее время удержания (дней),IS_Среднее время удержания (часов),IS_Макс. просадка (%),IS_Макс. прибыль по сделке,IS_Макс. убыток по сделке,IS_Процент роста,IS_Sharpe,IS_Sortino,IS_Std. return,IS_Reward/Risk,OOS_Количество сигналов,OOS_Количество сделок,OOS_Прибыльных сделок,OOS_Убыточных сделок,OOS_Процент прибыльных сделок,OOS_Средняя прибыль,OOS_Средний убыток,OOS_Среднее время удержания (дней),OOS_Среднее время удержания (часов),OOS_Макс. просадка (%),OOS_Макс. прибыль по сделке,OOS_Макс. убыток по сделке,OOS_Процент роста,OOS_Sharpe,OOS_Sortino,OOS_Std. return,OOS_Reward/Risk,FULL_Количество сигналов,FULL_Количество сделок,FULL_Прибыльных сделок,FULL_Убыточных сделок,FULL_Процент прибыльных сделок,FULL_Средняя прибыль,FULL_Средний убыток,FULL_Среднее время удержания (дней),FULL_Среднее время удержания (часов),FULL_Макс. просадка (%),FULL_Макс. прибыль по сделке,FULL_Макс. убыток по сделке,FULL_Процент роста,FULL_Sharpe,FULL_Sortino,FULL_Std. return,FULL_Reward/Risk
GAZP,ema,1D,False,Bayesian_TPE,"{""sampler"":""TPESampler"",""seed"":42,""n_trials"":50,""direction"":""maximize"",""objective"":""composite = Sharpe * (Return% / MaxDD%)""}",1,0.538,"{""short_ema"":63,""long_ema"":75,""allowshort"":false}",2014-01-01,2024-12-31,2025-01-01,2026-04-20,2014-01-01,2026-04-20,23,11,3,8,27.27,433534.1,-88594.62,170.91,,35.41,767612.3000000002,-208638.47999999984,59.18,0.32,0.37,0.0116,0.01,9,5,0,5,0.0,0.0,-46815.15,46.0,,42.44,-5114.760000000021,-112610.90999999992,-23.41,-0.64,-0.62,0.0136,-0.02,32,16,3,13,18.75,433534.1,-83183.04,131.88,,51.44,767612.3000000002,-208638.47999999984,21.92,0.18,0.2,0.0119,0.0
GAZP,ema,1D,True,Bayesian_TPE,"{""sampler"":""TPESampler"",""seed"":42,""n_trials"":50,""direction"":""maximize"",""objective"":""composite = Sharpe * (Return% / MaxDD%)""}",2,0.27,"{""short_ema"":15,""long_ema"":83,""allowshort"":true}",2014-01-01,2024-12-31,2025-01-01,2026-04-20,2014-01-01,2026-04-20,49,49,12,37,24.49,76054.87,-45411.52,80.67,,79.66,410164.1399999999,-276228.94,-76.76,-0.28,-0.33,0.0192,-0.01,8,8,1,7,12.5,23350.42,-37868.29,57.62,,45.64,23350.419999999947,-102109.28,-24.17,-0.43,-0.64,0.0184,-0.02,57,57,13,44,22.81,70628.16,-39529.14,77.68,,84.63,410164.1399999999,-276228.94,-82.11,-0.29,-0.36,0.0192,-0.01
GAZP,ema,1D,True,Bayesian_TPE,"{""sampler"":""TPESampler"",""seed"":42,""n_trials"":50,""direction"":""maximize"",""objective"":""composite = Sharpe * (Return% / MaxDD%)""}",3,0.22,"{""short_ema"":13,""long_ema"":83,""allowshort"":true}",2014-01-01,2024-12-31,2025-01-01,2026-04-20,2014-01-01,2026-04-20,49,49,11,38,22.45,96425.88,-47211.27,80.69,,79.92,463828.98,-307293.75,-73.33,-0.24,-0.29,0.0192,-0.01,10,10,1,9,10.0,99751.74,-41105.05,46.4,,48.94,99751.73999999996,-97071.52000000002,-27.02,-0.54,-0.75,0.0179,-0.02,59,59,12,47,20.34,90729.05,-40071.52,75.07,,84.61,463828.98,-307293.75,-79.46,-0.26,-0.32,0.019,-0.01
GAZP,ema,1D,True,Bayesian_TPE,"{""sampler"":""TPESampler"",""seed"":42,""n_trials"":50,""direction"":""maximize"",""objective"":""composite = Sharpe * (Return% / MaxDD%)""}",4,0.211,"{""short_ema"":13,""long_ema"":85,""allowshort"":true}",2014-01-01,2024-12-31,2025-01-01,2026-04-20,2014-01-01,2026-04-20,49,49,12,37,24.49,90922.55,-49101.22,80.69,,79.92,477170.70000000007,-316102.5,-72.57,-0.23,-0.28,0.0192,-0.01,10,10,1,9,10.0,23350.42,-40615.52,46.1,,52.21,23350.419999999947,-111884.26000000008,-34.22,-0.76,-1.04,0.0179,-0.03,59,59,13,46,22.03,84427.97,-41620.87,75.07,,86.67,477170.70000000007,-316102.5,-81.7,-0.29,-0.35,0.019,-0.01
GAZP,ema,1D,True,Bayesian_TPE,"{""sampler"":""TPESampler"",""seed"":42,""n_trials"":50,""direction"":""maximize"",""objective"":""composite = Sharpe * (Return% / MaxDD%)""}",5,0.198,"{""short_ema"":13,""long_ema"":120,""allowshort"":true}",2014-01-01,2024-12-31,2025-01-01,2026-04-20,2014-01-01,2026-04-20,45,45,11,34,24.44,74314.82,-44690.86,87.84,,75.57,377483.52,-264489.5,-70.2,-0.21,-0.26,0.0189,-0.01,10,10,2,7,20.0,6299.41,-62088.83,45.9,,57.21,11161.520000000037,-194837.81000000008,-42.2,-1.04,-1.36,0.0178,-0.03,55,55,13,41,23.64,63162.57,-40332.96,80.51,,85.98,377483.52,-264489.5,-83.25,-0.32,-0.39,0.0188,-0.01
GAZP,rsi,1D,False,Bayesian_TPE,"{""sampler"":""TPESampler"",""seed"":42,""n_trials"":50,""direction"":""maximize"",""objective"":""composite = Sharpe * (Return% / MaxDD%)""}",1,1.714,"{""rsi_lower"":38,""rsi_upper"":56,""rsi_window"":15,""allowshort"":false}",2014-01-01,2024-12-31,2025-01-01,2026-04-20,2014-01-01,2026-04-20,213,38,28,10,73.68,96939.35,-122199.02,39.74,,41.35,427874.7000000002,-435161.6099999999,149.23,0.47,0.37,0.0147,0.02,37,5,2,3,40.0,27500.96,-30670.77,25.6,,20.9,33301.72999999997,-42199.34999999991,-3.7,-0.05,-0.04,0.0105,-0.0,250,43,29,14,67.44,92176.87,-102664.38,38.33,,41.35,427874.7000000002,-435161.6099999999,123.58,0.4,0.31,0.0143,0.01
GAZP,rsi,1D,False,Bayesian_TPE,"{""sampler"":""TPESampler"",""seed"":42,""n_trials"":50,""direction"":""maximize"",""objective"":""composite = Sharpe * (Return% / MaxDD%)""}",2,1.609,"{""rsi_lower"":42,""rsi_upper"":64,""rsi_window"":22,""allowshort"":false}",2014-01-01,2024-12-31,2025-01-01,2026-04-20,2014-01-01,2026-04-20,136,16,11,5,68.75,323971.7,-353348.51,153.25,,54.5,1102955.6700000002,-766024.6000000002,179.69,0.49,0.51,0.0166,0.01,15,2,2,0,100.0,78319.09,0.0,148.0,,24.38,146769.68000000005,9868.499999999958,15.66,0.52,0.63,0.0135,0.03,151,18,13,5,72.22,316980.02,-201488.23,155.89,,54.5,1102955.6700000002,-700784.2999999999,311.33,0.56,0.61,0.0166,0.02
GAZP,rsi,1D,False,Bayesian_TPE,"{""sampler"":""TPESampler"",""seed"":42,""n_trials"":50,""direction"":""maximize"",""objective"":""composite = Sharpe * (Return% / MaxDD%)""}",3,1.378,"{""rsi_lower"":42,""rsi_upper"":63,""rsi_window"":20,""allowshort"":false}",2014-01-01,2024-12-31,2025-01-01,2026-04-20,2014-01-01,2026-04-20,147,18,12,6,66.67,268618.24,-276341.88,138.11,,51.81,983564.0000000002,-611891.2200000003,156.54,0.46,0.49,0.0169,0.01,18,4,3,1,75.0,60441.19,-21302.82,62.75,,24.38,104595.2000000001,-21302.82000000002,16.0,0.54,0.59,0.0131,0.03,165,22,15,7,68.18,296869.91,-246641.38,127.09,,51.81,983564.0000000002,-611891.2200000003,272.66,0.53,0.57,0.0168,0.02
GAZP,rsi,1D,False,Bayesian_TPE,"{""sampler"":""TPESampler"",""seed"":42,""n_trials"":50,""direction"":""maximize"",""objective"":""composite = Sharpe * (Return% / MaxDD%)""}",4,1.294,"{""rsi_lower"":27,""rsi_upper"":55,""rsi_window"":14,""allowshort"":false}",2014-01-01,2024-12-31,2025-01-01,2026-04-20,2014-01-01,2026-04-20,158,10,8,2,80.0,144995.5,-108820.35,57.1,,33.2,347068.20000000007,-188555.0,94.23,0.46,0.28,0.0101,0.01,32,3,2,1,66.67,50335.87,-15853.53,21.0,,16.32,82727.73000000003,-15853.530000000015,8.48,0.4,0.25,0.0097,0.02,190,13,10,3,76.92,135551.76,-82811.77,48.77,,33.2,347068.20000000007,-188555.0,110.71,0.45,0.27,0.01,0.01
GAZP,rsi,1D,False,Bayesian_TPE,"{""sampler"":""TPESampler"",""seed"":42,""n_trials"":50,""direction"":""maximize"",""objective"":""composite = Sharpe * (Return% / MaxDD%)""}",5,1.157,"{""rsi_lower"":41,""rsi_upper"":62,""rsi_window"":22,""allowshort"":false}",2014-01-01,2024-12-31,2025-01-01,2026-04-20,2014-01-01,2026-04-20,137,17,11,6,64.71,250258.23,-230897.74,130.41,,51.52,1018876.3200000002,-556311.3000000003,136.75,0.44,0.43,0.0161,0.01,21,3,3,0,100.0,8463.16,0.0,65.0,,24.38,16183.199999999915,2201.0399999999677,2.54,0.18,0.18,0.0129,0.01,158,20,14,6,70.0,244664.27,-230897.74,123.55,,51.52,1018876.3200000002,-556311.3000000003,203.99,0.47,0.48,0.0161,0.01
GAZP,macd,1D,True,Bayesian_TPE,"{""sampler"":""TPESampler"",""seed"":42,""n_trials"":50,""direction"":""maximize"",""objective"":""composite = Sharpe * (Return% / MaxDD%)""}",1,3.129,"{""macd_fast"":12,""macd_slow"":46,""macd_signal"":8,""allowshort"":true}",2014-01-01,2024-12-31,2025-01-01,2026-04-20,2014-01-01,2026-04-20,204,204,70,134,34.31,110538.71,-36896.7,19.52,,48.75,763920.2,-254314.03999999975,279.36,0.55,0.89,0.0193,0.02,27,27,9,18,33.33,67416.69,-26214.68,15.33,,25.4,203283.4,-77703.00000000001,13.49,0.44,0.65,0.0155,0.03,231,231,79,152,34.2,148830.11,-47623.85,19.29,,48.75,1450212.3299999996,-377891.20000000007,451.88,0.59,0.97,0.0192,0.02
GAZP,macd,1D,True,Bayesian_TPE,"{""sampler"":""TPESampler"",""seed"":42,""n_trials"":50,""direction"":""maximize"",""objective"":""composite = Sharpe * (Return% / MaxDD%)""}",2,3.124,"{""macd_fast"":9,""macd_slow"":45,""macd_signal"":12,""allowshort"":true}",2014-01-01,2024-12-31,2025-01-01,2026-04-20,2014-01-01,2026-04-20,190,190,71,119,37.37,107587.11,-41263.79,20.96,,47.16,765419.98,-245442.61999999976,272.83,0.54,0.88,0.0194,0.02,25,25,12,13,48.0,56033.71,-36644.18,16.56,,24.83,226137.39999999985,-81522.30000000002,19.6,0.57,0.85,0.0155,0.04,215,215,83,132,38.6,143411.79,-54447.98,20.73,,47.16,1425276.2299999995,-389621.28,471.6,0.6,0.98,0.0192,0.02
GAZP,macd,1D,True,Bayesian_TPE,"{""sampler"":""TPESampler"",""seed"":42,""n_trials"":50,""direction"":""maximize"",""objective"":""composite = Sharpe * (Return% / MaxDD%)""}",3,2.998,"{""macd_fast"":7,""macd_slow"":45,""macd_signal"":13,""allowshort"":true}",2014-01-01,2024-12-31,2025-01-01,2026-04-20,2014-01-01,2026-04-20,214,214,70,144,32.71,111601.12,-34623.39,18.61,,51.66,750277.0399999999,-236889.4499999996,282.63,0.55,0.89,0.0193,0.02,29,29,9,20,31.03,67285.01,-25998.51,14.28,,28.16,203283.4,-77703.00000000001,8.56,0.33,0.49,0.0156,0.02,243,243,79,164,32.51,150136.72,-45952.43,18.34,,51.66,1462731.2699999996,-381148.5800000001,432.46,0.58,0.95,0.0192,0.02
GAZP,macd,1D,True,Bayesian_TPE,"{""sampler"":""TPESampler"",""seed"":42,""n_trials"":50,""direction"":""maximize"",""objective"":""composite = Sharpe * (Return% / MaxDD%)""}",4,2.546,"{""macd_fast"":7,""macd_slow"":46,""macd_signal"":13,""allowshort"":true}",2014-01-01,2024-12-31,2025-01-01,2026-04-20,2014-01-01,2026-04-20,214,214,70,144,32.71,107967.25,-34852.83,18.61,,52.35,712637.3999999999,-232176.0899999996,253.89,0.52,0.85,0.0193,0.02,27,27,9,18,33.33,66907.0,-26375.33,15.33,,25.4,203283.4,-77703.00000000001,12.74,0.42,0.63,0.0155,0.03,241,241,79,162,32.78,142872.21,-44275.08,18.49,,52.35,1352859.7599999995,-352525.78,411.43,0.57,0.93,0.0192,0.02
GAZP,macd,1D,True,Bayesian_TPE,"{""sampler"":""TPESampler"",""seed"":42,""n_trials"":50,""direction"":""maximize"",""objective"":""composite = Sharpe * (Return% / MaxDD%)""}",5,2.546,"{""macd_fast"":7,""macd_slow"":46,""macd_signal"":13,""allowshort"":true}",2014-01-01,2024-12-31,2025-01-01,2026-04-20,2014-01-01,2026-04-20,214,214,70,144,32.71,107967.25,-34852.83,18.61,,52.35,712637.3999999999,-232176.0899999996,253.89,0.52,0.85,0.0193,0.02,27,27,9,18,33.33,66907.0,-26375.33,15.33,,25.4,203283.4,-77703.00000000001,12.74,0.42,0.63,0.0155,0.03,241,241,79,162,32.78,142872.21,-44275.08,18.49,,52.35,1352859.7599999995,-352525.78,411.43,0.57,0.93,0.0192,0.02
GAZP,breakout_pivot,1D,True,Bayesian_TPE,"{""sampler"":""TPESampler"",""seed"":42,""n_trials"":50,""direction"":""maximize"",""objective"":""composite = Sharpe * (Return% / MaxDD%)""}",1,2.532,"{""lookback"":199,""pivot_window"":11,""min_touches"":2,""tolerance_atr_mult"":0.75,""cluster_atr_mult"":0.5,""confirmation_bars"":1,""cooldown_bars"":15,""allowshort"":true}",2014-01-01,2024-12-31,2025-01-01,2026-04-20,2014-01-01,2026-04-20,107,32,16,16,50.0,140679.07,-51939.49,59.0,,30.84,462528.0,-118149.81000000014,141.98,0.55,0.65,0.011,0.02,22,7,1,6,14.29,3181.9,-28033.35,42.43,,35.42,3181.8999999999924,-70389.20000000003,-16.5,-0.33,-0.39,0.0153,-0.01,129,38,17,21,44.74,139938.72,-59376.0,58.32,,35.43,462528.0,-179740.40000000005,113.21,0.42,0.48,0.0117,0.01
GAZP,breakout_pivot,1D,True,Bayesian_TPE,"{""sampler"":""TPESampler"",""seed"":42,""n_trials"":50,""direction"":""maximize"",""objective"":""composite = Sharpe * (Return% / MaxDD%)""}",2,2.08,"{""lookback"":198,""pivot_window"":12,""min_touches"":2,""tolerance_atr_mult"":1.2,""cluster_atr_mult"":1.1,""confirmation_bars"":2,""cooldown_bars"":19,""allowshort"":true}",2014-01-01,2024-12-31,2025-01-01,2026-04-20,2014-01-01,2026-04-20,99,31,15,16,48.39,147701.31,-53740.6,64.55,,34.41,942075.4,-109001.64000000028,135.57,0.53,0.64,0.0112,0.02,16,4,1,3,25.0,1695.12,-32912.32,60.0,,32.29,1695.1200000000642,-58745.12000000013,-9.7,-0.17,-0.17,0.0141,-0.01,115,34,16,18,47.06,143135.65,-57764.52,66.85,,34.41,942075.4,-146419.84000000032,125.04,0.44,0.51,0.0117,0.01
GAZP,breakout_pivot,1D,False,Bayesian_TPE,"{""sampler"":""TPESampler"",""seed"":42,""n_trials"":50,""direction"":""maximize"",""objective"":""composite = Sharpe * (Return% / MaxDD%)""}",3,1.962,"{""lookback"":181,""pivot_window"":11,""min_touches"":2,""tolerance_atr_mult"":1.1500000000000001,""cluster_atr_mult"":1.1500000000000001,""confirmation_bars"":2,""cooldown_bars"":15,""allowshort"":false}",2014-01-01,2024-12-31,2025-01-01,2026-04-20,2014-01-01,2026-04-20,105,32,16,16,50.0,115278.79,-47919.67,59.72,,25.92,531438.3,-110841.11000000012,107.77,0.47,0.57,0.0109,0.02,19,5,1,4,20.0,1647.6,-30989.5,62.2,,33.97,1647.6000000000624,-41687.099999999955,-12.23,-0.2,-0.24,0.0155,-0.01,124,36,17,19,47.22,112364.86,-51623.21,62.61,,33.97,531438.3,-110841.11000000012,92.94,0.37,0.44,0.0117,0.01
GAZP,breakout_pivot,1D,False,Bayesian_TPE,"{""sampler"":""TPESampler"",""seed"":42,""n_trials"":50,""direction"":""maximize"",""objective"":""composite = Sharpe * (Return% / MaxDD%)""}",4,1.897,"{""lookback"":198,""pivot_window"":12,""min_touches"":2,""tolerance_atr_mult"":1.1500000000000001,""cluster_atr_mult"":1.1,""confirmation_bars"":2,""cooldown_bars"":16,""allowshort"":false}",2014-01-01,2024-12-31,2025-01-01,2026-04-20,2014-01-01,2026-04-20,102,32,15,17,46.88,142927.33,-50990.8,61.78,,34.41,910654.64,-105364.38000000028,127.71,0.51,0.62,0.0112,0.02,18,4,1,3,25.0,1695.12,-32912.32,60.0,,32.29,1695.1200000000642,-58745.12000000013,-9.7,-0.17,-0.17,0.0141,-0.01,120,35,16,19,45.71,138504.47,-54776.12,64.26,,34.41,910654.64,-141527.6800000003,117.53,0.42,0.49,0.0117,0.01
GAZP,breakout_pivot,1D,True,Bayesian_TPE,"{""sampler"":""TPESampler"",""seed"":42,""n_trials"":50,""direction"":""maximize"",""objective"":""composite = Sharpe * (Return% / MaxDD%)""}",5,1.872,"{""lookback"":212,""pivot_window"":12,""min_touches"":2,""tolerance_atr_mult"":1.2,""cluster_atr_mult"":1.1,""confirmation_bars"":2,""cooldown_bars"":15,""allowshort"":true}",2014-01-01,2024-12-31,2025-01-01,2026-04-20,2014-01-01,2026-04-20,101,31,14,17,45.16,151687.34,-50614.63,62.23,,34.41,908377.96,-104718.24000000028,126.32,0.51,0.61,0.0111,0.02,19,4,1,3,25.0,1695.12,-32912.32,60.0,,32.29,1695.1200000000642,-58745.12000000013,-9.7,-0.17,-0.17,0.0141,-0.01,120,34,15,19,44.12,146356.37,-54383.73,64.74,,34.41,908377.96,-140665.28000000032,116.21,0.42,0.49,0.0117,0.01
GAZP,breakout_ols,1D,True,Bayesian_TPE,"{""sampler"":""TPESampler"",""seed"":42,""n_trials"":50,""direction"":""maximize"",""objective"":""composite = Sharpe * (Return% / MaxDD%)""}",1,2.438,"{""lookback"":270,""pivot_window"":12,""min_touches"":3,""tolerance_atr_mult"":0.4,""cluster_atr_mult"":0.35,""confirmation_bars"":2,""cooldown_bars"":5,""allowshort"":true}",2014-01-01,2024-12-31,2025-01-01,2026-04-20,2014-01-01,2026-04-20,54,9,4,5,44.44,469936.52,-74363.89,204.89,,34.39,1218754.66,-158011.08000000028,150.79,0.56,0.66,0.0113,0.02,18,3,1,2,33.33,38808.56,-48184.83,111.33,,34.69,38808.56000000005,-76618.61000000009,-5.76,-0.01,-0.01,0.0165,-0.0,72,11,5,6,45.45,395397.0,-102620.79,199.36,,34.69,1218754.66,-289932.21,136.13,0.45,0.52,0.0122,0.02
GAZP,breakout_ols,1D,True,Bayesian_TPE,"{""sampler"":""TPESampler"",""seed"":42,""n_trials"":50,""direction"":""maximize"",""objective"":""composite = Sharpe * (Return% / MaxDD%)""}",2,2.19,"{""lookback"":270,""pivot_window"":12,""min_touches"":3,""tolerance_atr_mult"":0.4,""cluster_atr_mult"":0.75,""confirmation_bars"":2,""cooldown_bars"":3,""allowshort"":true}",2014-01-01,2024-12-31,2025-01-01,2026-04-20,2014-01-01,2026-04-20,67,10,4,6,40.0,481040.71,-81998.66,188.5,,35.05,1193897.87,-180434.3400000003,143.22,0.54,0.64,0.0115,0.02,26,5,2,3,40.0,1692.52,-46577.5,54.2,,37.64,3110.400000000044,-76618.61000000009,-13.63,-0.23,-0.26,0.0158,-0.01,93,14,6,8,42.86,322064.7,-104237.43,155.07,,37.64,1193897.87,-281175.3,109.85,0.4,0.46,0.0122,0.01
GAZP,breakout_ols,1D,True,Bayesian_TPE,"{""sampler"":""TPESampler"",""seed"":42,""n_trials"":50,""direction"":""maximize"",""objective"":""composite = Sharpe * (Return% / MaxDD%)""}",3,2.069,"{""lookback"":271,""pivot_window"":12,""min_touches"":3,""tolerance_atr_mult"":0.45,""cluster_atr_mult"":0.55,""confirmation_bars"":2,""cooldown_bars"":5,""allowshort"":true}",2014-01-01,2024-12-31,2025-01-01,2026-04-20,2014-01-01,2026-04-20,64,10,4,6,40.0,465739.78,-87915.89,186.5,,33.7,1171404.96,-173253.42000000027,133.55,0.52,0.63,0.0113,0.02,21,3,2,1,66.67,21451.58,-76618.61,108.0,,34.39,39792.76000000005,-76618.61000000009,-3.37,0.05,0.06,0.0165,0.0,85,12,6,6,50.0,327177.11,-118091.57,183.67,,34.39,1171404.96,-270002.16000000003,125.45,0.43,0.51,0.0121,0.02
GAZP,breakout_ols,1D,False,Bayesian_TPE,"{""sampler"":""TPESampler"",""seed"":42,""n_trials"":50,""direction"":""maximize"",""objective"":""composite = Sharpe * (Return% / MaxDD%)""}",4,1.986,"{""lookback"":284,""pivot_window"":12,""min_touches"":5,""tolerance_atr_mult"":0.75,""cluster_atr_mult"":0.75,""confirmation_bars"":2,""cooldown_bars"":4,""allowshort"":false}",2014-01-01,2024-12-31,2025-01-01,2026-04-20,2014-01-01,2026-04-20,54,8,5,3,62.5,358047.5,-136978.23,219.5,,37.65,1216908.4000000004,-206190.27000000008,137.93,0.54,0.62,0.0109,0.02,11,2,1,1,50.0,39658.08,-76618.61,154.5,,33.27,39658.08000000005,-76618.61000000009,-3.7,0.03,0.04,0.0157,0.0,65,9,6,3,66.67,314084.72,-198461.35,231.11,,37.65,1216908.4000000004,-275065.47000000003,128.91,0.45,0.5,0.0117,0.01
GAZP,breakout_ols,1D,True,Bayesian_TPE,"{""sampler"":""TPESampler"",""seed"":42,""n_trials"":50,""direction"":""maximize"",""objective"":""composite = Sharpe * (Return% / MaxDD%)""}",5,1.617,"{""lookback"":271,""pivot_window"":12,""min_touches"":3,""tolerance_atr_mult"":0.4,""cluster_atr_mult"":0.3,""confirmation_bars"":2,""cooldown_bars"":5,""allowshort"":true}",2014-01-01,2024-12-31,2025-01-01,2026-04-20,2014-01-01,2026-04-20,53,10,4,6,40.0,403510.18,-80154.26,183.9,,33.5,1059160.0799999998,-134395.14000000022,113.31,0.48,0.57,0.0112,0.02,18,3,1,2,33.33,38808.56,-48184.83,111.33,,34.69,38808.56000000005,-76618.61000000009,-5.76,-0.01,-0.01,0.0165,-0.0,71,12,5,7,41.67,339349.96,-98339.04,182.33,,34.69,1059160.0799999998,-246593.97,100.84,0.38,0.45,0.0121,0.01
GAZP,retest_pivot,1D,False,Bayesian_TPE,"{""sampler"":""TPESampler"",""seed"":42,""n_trials"":50,""direction"":""maximize"",""objective"":""composite = Sharpe * (Return% / MaxDD%)""}",1,1.52,"{""lookback"":124,""pivot_window"":4,""min_touches"":5,""tolerance_atr_mult"":0.35,""cluster_atr_mult"":1.2,""confirmation_bars"":3,""cooldown_bars"":13,""retest_window"":16,""cancel_atr_mult"":0.6,""allowshort"":false}",2014-01-01,2024-12-31,2025-01-01,2026-04-20,2014-01-01,2026-04-20,24,4,1,3,25.0,1465462.88,-57913.86,476.75,,43.01,1465462.88,-82297.84000000019,129.17,0.51,0.56,0.0115,0.01,6,2,0,2,0.0,0.0,-38605.07,82.5,,32.29,-33305.439999999944,-43904.70000000002,-7.72,-0.11,-0.09,0.014,-0.0,30,6,1,5,16.67,1465462.88,-70139.78,345.33,,43.01,1465462.88,-100626.30000000005,111.48,0.41,0.43,0.0118,0.01
GAZP,retest_pivot,1D,False,Bayesian_TPE,"{""sampler"":""TPESampler"",""seed"":42,""n_trials"":50,""direction"":""maximize"",""objective"":""composite = Sharpe * (Return% / MaxDD%)""}",2,1.11,"{""lookback"":203,""pivot_window"":5,""min_touches"":3,""tolerance_atr_mult"":1.2,""cluster_atr_mult"":1.2,""confirmation_bars"":1,""cooldown_bars"":7,""retest_window"":18,""cancel_atr_mult"":0.6,""allowshort"":false}",2014-01-01,2024-12-31,2025-01-01,2026-04-20,2014-01-01,2026-04-20,180,50,18,32,36.0,132757.73,-44048.33,35.28,,39.02,896633.1399999999,-181189.00000000015,98.01,0.44,0.48,0.0111,0.01,37,10,5,4,50.0,74407.02,-36684.01,24.4,,18.34,264067.28,-68667.22000000012,22.53,0.91,1.11,0.0139,0.07,217,59,22,36,37.29,141985.21,-47217.19,34.29,,39.02,896633.1399999999,-181189.00000000015,142.39,0.51,0.56,0.0115,0.02
GAZP,retest_pivot,1D,False,Bayesian_TPE,"{""sampler"":""TPESampler"",""seed"":42,""n_trials"":50,""direction"":""maximize"",""objective"":""composite = Sharpe * (Return% / MaxDD%)""}",3,1.066,"{""lookback"":130,""pivot_window"":5,""min_touches"":5,""tolerance_atr_mult"":0.35,""cluster_atr_mult"":1.2,""confirmation_bars"":3,""cooldown_bars"":13,""retest_window"":16,""cancel_atr_mult"":0.6,""allowshort"":false}",2014-01-01,2024-12-31,2025-01-01,2026-04-20,2014-01-01,2026-04-20,20,3,1,2,33.33,1164648.24,-67259.87,629.67,,43.01,1164648.24,-80147.27999999984,103.01,0.44,0.49,0.0115,0.01,3,1,0,1,0.0,0.0,-88606.35,453.0,,36.6,-88606.34999999993,-88606.34999999993,-8.86,-0.05,-0.07,0.0186,-0.0,23,4,1,3,25.0,1164648.24,-104807.68,585.5,,43.01,1164648.24,-179903.29999999984,85.02,0.34,0.4,0.0127,0.01
GAZP,retest_pivot,1D,False,Bayesian_TPE,"{""sampler"":""TPESampler"",""seed"":42,""n_trials"":50,""direction"":""maximize"",""objective"":""composite = Sharpe * (Return% / MaxDD%)""}",4,1.02,"{""lookback"":110,""pivot_window"":4,""min_touches"":5,""tolerance_atr_mult"":0.3,""cluster_atr_mult"":1.1500000000000001,""confirmation_bars"":3,""cooldown_bars"":12,""retest_window"":16,""cancel_atr_mult"":0.6,""allowshort"":false}",2014-01-01,2024-12-31,2025-01-01,2026-04-20,2014-01-01,2026-04-20,19,3,1,2,33.33,1153032.0,-68598.2,640.0,,43.01,1153032.0,-72394.44000000016,101.58,0.43,0.47,0.0119,0.01,4,2,0,2,0.0,0.0,-38036.18,81.5,,32.29,-33346.299999999945,-42726.06000000011,-7.61,-0.11,-0.09,0.014,-0.0,23,5,1,4,20.0,1153032.0,-72638.89,416.6,,43.01,1153032.0,-86135.36000000022,86.25,0.35,0.37,0.0122,0.01
GAZP,retest_pivot,1D,False,Bayesian_TPE,"{""sampler"":""TPESampler"",""seed"":42,""n_trials"":50,""direction"":""maximize"",""objective"":""composite = Sharpe * (Return% / MaxDD%)""}",5,1.01,"{""lookback"":124,""pivot_window"":5,""min_touches"":5,""tolerance_atr_mult"":0.35,""cluster_atr_mult"":1.1500000000000001,""confirmation_bars"":3,""cooldown_bars"":14,""retest_window"":15,""cancel_atr_mult"":0.7,""allowshort"":false}",2014-01-01,2024-12-31,2025-01-01,2026-04-20,2014-01-01,2026-04-20,18,3,1,2,33.33,1144470.6,-66877.88,643.67,,43.01,1144470.6,-79383.29999999984,101.07,0.43,0.47,0.012,0.01,3,1,0,1,0.0,0.0,-87483.24,451.0,,36.6,-87483.24000000002,-87483.24000000002,-8.75,-0.04,-0.06,0.0186,-0.0,21,4,1,3,25.0,1144470.6,-103224.99,595.5,,43.01,1144470.6,-175919.22000000003,83.48,0.34,0.39,0.013,0.01
GAZP,retest_ols,1D,True,Bayesian_TPE,"{""sampler"":""TPESampler"",""seed"":42,""n_trials"":50,""direction"":""maximize"",""objective"":""composite = Sharpe * (Return% / MaxDD%)""}",1,1.884,"{""lookback"":285,""pivot_window"":12,""min_touches"":3,""tolerance_atr_mult"":0.45,""cluster_atr_mult"":0.7,""confirmation_bars"":1,""cooldown_bars"":14,""retest_window"":15,""cancel_atr_mult"":1.7000000000000002,""allowshort"":true}",2014-01-01,2024-12-31,2025-01-01,2026-04-20,2014-01-01,2026-04-20,49,9,4,5,44.44,352418.55,-44586.05,189.33,,32.12,753479.8,-96015.36,118.67,0.51,0.59,0.0105,0.02,14,2,1,1,50.0,52880.96,-51055.64,156.0,,32.42,52880.96000000001,-51055.63999999988,0.18,0.13,0.15,0.0159,0.01,63,10,5,5,50.0,304427.17,-78357.9,202.5,,32.43,753479.8,-238341.25999999983,113.03,0.42,0.47,0.0114,0.01
GAZP,retest_ols,1D,True,Bayesian_TPE,"{""sampler"":""TPESampler"",""seed"":42,""n_trials"":50,""direction"":""maximize"",""objective"":""composite = Sharpe * (Return% / MaxDD%)""}",2,1.709,"{""lookback"":285,""pivot_window"":12,""min_touches"":3,""tolerance_atr_mult"":0.6000000000000001,""cluster_atr_mult"":0.7,""confirmation_bars"":1,""cooldown_bars"":14,""retest_window"":14,""cancel_atr_mult"":1.8,""allowshort"":true}",2014-01-01,2024-12-31,2025-01-01,2026-04-20,2014-01-01,2026-04-20,49,10,5,5,50.0,278960.61,-55614.91,172.9,,32.02,728256.8,-89624.87999999986,111.67,0.49,0.57,0.0106,0.02,14,2,1,1,50.0,51204.44,-51055.64,157.0,,32.54,51204.43999999998,-51055.63999999988,0.01,0.13,0.15,0.0159,0.01,63,11,6,5,54.55,250034.42,-88305.31,186.55,,32.54,728256.8,-230708.99999999985,105.87,0.41,0.46,0.0115,0.01
GAZP,retest_ols,1D,False,Bayesian_TPE,"{""sampler"":""TPESampler"",""seed"":42,""n_trials"":50,""direction"":""maximize"",""objective"":""composite = Sharpe * (Return% / MaxDD%)""}",3,1.692,"{""lookback"":292,""pivot_window"":12,""min_touches"":4,""tolerance_atr_mult"":0.5,""cluster_atr_mult"":0.45,""confirmation_bars"":2,""cooldown_bars"":14,""retest_window"":10,""cancel_atr_mult"":1.2000000000000002,""allowshort"":false}",2014-01-01,2024-12-31,2025-01-01,2026-04-20,2014-01-01,2026-04-20,31,7,4,3,57.14,313916.3,-69422.52,185.43,,31.51,660511.0,-128245.43999999986,104.74,0.51,0.52,0.0095,0.02,6,1,1,0,100.0,53960.76,0.0,160.0,,9.67,53960.75999999998,53960.75999999998,5.4,0.34,0.37,0.007,0.02,37,8,5,3,62.5,271614.82,-119304.99,202.88,,32.29,660511.0,-193480.39999999997,100.02,0.41,0.41,0.0106,0.01
GAZP,retest_ols,1D,True,Bayesian_TPE,"{""sampler"":""TPESampler"",""seed"":42,""n_trials"":50,""direction"":""maximize"",""objective"":""composite = Sharpe * (Return% / MaxDD%)""}",4,1.685,"{""lookback"":300,""pivot_window"":12,""min_touches"":3,""tolerance_atr_mult"":0.5,""cluster_atr_mult"":0.45,""confirmation_bars"":1,""cooldown_bars"":13,""retest_window"":11,""cancel_atr_mult"":1.3,""allowshort"":true}",2014-01-01,2024-12-31,2025-01-01,2026-04-20,2014-01-01,2026-04-20,42,9,6,3,66.67,228385.89,-85149.84,189.89,,32.02,677237.55,-98704.61999999998,111.49,0.48,0.57,0.0108,0.02,12,2,1,1,50.0,51204.44,-51055.64,157.0,,32.54,51204.43999999998,-51055.63999999988,0.01,0.13,0.15,0.0159,0.01,54,10,7,3,70.0,210803.17,-139585.87,203.2,,32.54,677237.55,-230505.85999999987,105.69,0.4,0.46,0.0116,0.01
GAZP,retest_ols,1D,True,Bayesian_TPE,"{""sampler"":""TPESampler"",""seed"":42,""n_trials"":50,""direction"":""maximize"",""objective"":""composite = Sharpe * (Return% / MaxDD%)""}",5,1.371,"{""lookback"":288,""pivot_window"":12,""min_touches"":3,""tolerance_atr_mult"":0.45,""cluster_atr_mult"":0.65,""confirmation_bars"":1,""cooldown_bars"":13,""retest_window"":14,""cancel_atr_mult"":1.3,""allowshort"":true}",2014-01-01,2024-12-31,2025-01-01,2026-04-20,2014-01-01,2026-04-20,46,10,4,6,40.0,330566.81,-54963.96,166.0,,33.45,708766.3,-87487.67999999998,99.25,0.46,0.52,0.0104,0.01,13,2,1,1,50.0,52880.96,-51055.64,156.0,,32.42,52880.96000000001,-51055.63999999988,0.18,0.13,0.15,0.0159,0.01,59,11,5,6,45.45,284947.14,-80607.42,180.09,,33.45,708766.3,-217171.16999999987,94.11,0.38,0.42,0.0113,0.01
GAZP,obv,1D,True,Bayesian_TPE,"{""sampler"":""TPESampler"",""seed"":42,""n_trials"":50,""direction"":""maximize"",""objective"":""composite = Sharpe * (Return% / MaxDD%)""}",1,8.235,"{""obv_ema_window"":17,""confirmation_bars"":5,""allowshort"":true}",2014-01-01,2024-12-31,2025-01-01,2026-04-20,2014-01-01,2026-04-20,1185,257,101,156,39.3,135432.36,-55423.83,15.6,,41.8,1302669.56,-625999.2199999997,503.26,0.68,1.16,0.0193,0.03,175,37,16,21,43.24,33775.42,-27817.6,11.08,,28.9,151781.54999999993,-78556.27000000012,-4.38,0.0,0.0,0.0149,0.0,1360,294,117,177,39.8,167348.75,-74417.16,15.25,,41.8,2320179.1999999993,-625999.2199999997,640.8,0.67,1.14,0.0191,0.03
GAZP,obv,1D,True,Bayesian_TPE,"{""sampler"":""TPESampler"",""seed"":42,""n_trials"":50,""direction"":""maximize"",""objective"":""composite = Sharpe * (Return% / MaxDD%)""}",2,8.235,"{""obv_ema_window"":17,""confirmation_bars"":5,""allowshort"":true}",2014-01-01,2024-12-31,2025-01-01,2026-04-20,2014-01-01,2026-04-20,1185,257,101,156,39.3,135432.36,-55423.83,15.6,,41.8,1302669.56,-625999.2199999997,503.26,0.68,1.16,0.0193,0.03,175,37,16,21,43.24,33775.42,-27817.6,11.08,,28.9,151781.54999999993,-78556.27000000012,-4.38,0.0,0.0,0.0149,0.0,1360,294,117,177,39.8,167348.75,-74417.16,15.25,,41.8,2320179.1999999993,-625999.2199999997,640.8,0.67,1.14,0.0191,0.03
GAZP,obv,1D,True,Bayesian_TPE,"{""sampler"":""TPESampler"",""seed"":42,""n_trials"":50,""direction"":""maximize"",""objective"":""composite = Sharpe * (Return% / MaxDD%)""}",3,8.235,"{""obv_ema_window"":17,""confirmation_bars"":5,""allowshort"":true}",2014-01-01,2024-12-31,2025-01-01,2026-04-20,2014-01-01,2026-04-20,1185,257,101,156,39.3,135432.36,-55423.83,15.6,,41.8,1302669.56,-625999.2199999997,503.26,0.68,1.16,0.0193,0.03,175,37,16,21,43.24,33775.42,-27817.6,11.08,,28.9,151781.54999999993,-78556.27000000012,-4.38,0.0,0.0,0.0149,0.0,1360,294,117,177,39.8,167348.75,-74417.16,15.25,,41.8,2320179.1999999993,-625999.2199999997,640.8,0.67,1.14,0.0191,0.03
GAZP,obv,1D,True,Bayesian_TPE,"{""sampler"":""TPESampler"",""seed"":42,""n_trials"":50,""direction"":""maximize"",""objective"":""composite = Sharpe * (Return% / MaxDD%)""}",4,5.122,"{""obv_ema_window"":18,""confirmation_bars"":5,""allowshort"":true}",2014-01-01,2024-12-31,2025-01-01,2026-04-20,2014-01-01,2026-04-20,1154,255,94,161,36.86,114890.04,-44430.29,15.72,,43.14,1080658.14,-519315.9399999998,364.64,0.61,1.03,0.0193,0.03,174,35,14,21,40.0,34707.28,-25134.52,11.71,,28.56,151781.54999999993,-76811.75999999997,-4.19,0.01,0.01,0.0151,0.0,1328,290,108,182,37.24,139069.0,-56608.94,15.46,,43.14,1787033.5999999996,-519315.9399999998,471.66,0.6,1.02,0.0191,0.03
GAZP,obv,1D,True,Bayesian_TPE,"{""sampler"":""TPESampler"",""seed"":42,""n_trials"":50,""direction"":""maximize"",""objective"":""composite = Sharpe * (Return% / MaxDD%)""}",5,5.122,"{""obv_ema_window"":18,""confirmation_bars"":5,""allowshort"":true}",2014-01-01,2024-12-31,2025-01-01,2026-04-20,2014-01-01,2026-04-20,1154,255,94,161,36.86,114890.04,-44430.29,15.72,,43.14,1080658.14,-519315.9399999998,364.64,0.61,1.03,0.0193,0.03,174,35,14,21,40.0,34707.28,-25134.52,11.71,,28.56,151781.54999999993,-76811.75999999997,-4.19,0.01,0.01,0.0151,0.0,1328,290,108,182,37.24,139069.0,-56608.94,15.46,,43.14,1787033.5999999996,-519315.9399999998,471.66,0.6,1.02,0.0191,0.03
GAZP,vwap,1D,True,Bayesian_TPE,"{""sampler"":""TPESampler"",""seed"":42,""n_trials"":50,""direction"":""maximize"",""objective"":""composite = Sharpe * (Return% / MaxDD%)""}",1,1.407,"{""vwap_window"":20,""vwap_tol"":0.016,""vwap_mode"":""rolling"",""allowshort"":true}",2014-01-01,2024-12-31,2025-01-01,2026-04-20,2014-01-01,2026-04-20,286,133,49,84,36.84,114520.55,-47625.88,30.05,,49.69,567378.0000000001,-164448.89999999982,161.09,0.43,0.75,0.0192,0.02,44,18,9,9,50.0,87015.25,-51264.82,24.78,,24.99,229005.0,-104897.97000000012,32.18,0.76,1.18,0.0172,0.05,330,150,57,93,38.0,137034.33,-56400.77,29.81,,49.69,952015.0199999998,-282981.5900000003,256.57,0.48,0.82,0.0191,0.02
GAZP,vwap,1D,True,Bayesian_TPE,"{""sampler"":""TPESampler"",""seed"":42,""n_trials"":50,""direction"":""maximize"",""objective"":""composite = Sharpe * (Return% / MaxDD%)""}",2,1.103,"{""vwap_window"":20,""vwap_tol"":0.017,""vwap_mode"":""rolling"",""allowshort"":true}",2014-01-01,2024-12-31,2025-01-01,2026-04-20,2014-01-01,2026-04-20,287,131,47,84,35.88,110470.48,-46352.59,30.5,,46.61,529569.9000000001,-158022.65000000026,129.85,0.4,0.68,0.0192,0.02,46,18,9,9,50.0,86997.86,-53230.02,24.78,,26.12,229005.0,-105064.60000000012,30.39,0.73,1.13,0.0172,0.05,333,148,55,93,37.16,129599.77,-54100.89,30.21,,46.61,838091.6399999999,-249515.27000000028,209.66,0.44,0.76,0.0191,0.02
GAZP,vwap,1D,True,Bayesian_TPE,"{""sampler"":""TPESampler"",""seed"":42,""n_trials"":50,""direction"":""maximize"",""objective"":""composite = Sharpe * (Return% / MaxDD%)""}",3,1.103,"{""vwap_window"":20,""vwap_tol"":0.017,""vwap_mode"":""rolling"",""allowshort"":true}",2014-01-01,2024-12-31,2025-01-01,2026-04-20,2014-01-01,2026-04-20,287,131,47,84,35.88,110470.48,-46352.59,30.5,,46.61,529569.9000000001,-158022.65000000026,129.85,0.4,0.68,0.0192,0.02,46,18,9,9,50.0,86997.86,-53230.02,24.78,,26.12,229005.0,-105064.60000000012,30.39,0.73,1.13,0.0172,0.05,333,148,55,93,37.16,129599.77,-54100.89,30.21,,46.61,838091.6399999999,-249515.27000000028,209.66,0.44,0.76,0.0191,0.02
GAZP,vwap,1D,True,Bayesian_TPE,"{""sampler"":""TPESampler"",""seed"":42,""n_trials"":50,""direction"":""maximize"",""objective"":""composite = Sharpe * (Return% / MaxDD%)""}",4,1.103,"{""vwap_window"":20,""vwap_tol"":0.017,""vwap_mode"":""rolling"",""allowshort"":true}",2014-01-01,2024-12-31,2025-01-01,2026-04-20,2014-01-01,2026-04-20,287,131,47,84,35.88,110470.48,-46352.59,30.5,,46.61,529569.9000000001,-158022.65000000026,129.85,0.4,0.68,0.0192,0.02,46,18,9,9,50.0,86997.86,-53230.02,24.78,,26.12,229005.0,-105064.60000000012,30.39,0.73,1.13,0.0172,0.05,333,148,55,93,37.16,129599.77,-54100.89,30.21,,46.61,838091.6399999999,-249515.27000000028,209.66,0.44,0.76,0.0191,0.02
GAZP,vwap,1D,True,Bayesian_TPE,"{""sampler"":""TPESampler"",""seed"":42,""n_trials"":50,""direction"":""maximize"",""objective"":""composite = Sharpe * (Return% / MaxDD%)""}",5,0.792,"{""vwap_window"":20,""vwap_tol"":0.02,""vwap_mode"":""rolling"",""allowshort"":true}",2014-01-01,2024-12-31,2025-01-01,2026-04-20,2014-01-01,2026-04-20,273,119,41,78,34.45,122331.25,-51743.59,33.58,,43.44,497610.0000000001,-146562.89999999997,97.96,0.35,0.59,0.0193,0.02,44,18,9,9,50.0,79020.92,-58488.6,24.78,,32.69,229005.0,-101460.13000000012,18.48,0.51,0.8,0.0172,0.03,317,136,49,87,36.03,133387.36,-58766.4,32.88,,43.44,721789.7999999999,-207524.51000000024,142.33,0.38,0.64,0.0191,0.02
GAZP,engulfing,1D,False,Bayesian_TPE,"{""sampler"":""TPESampler"",""seed"":42,""n_trials"":50,""direction"":""maximize"",""objective"":""composite = Sharpe * (Return% / MaxDD%)""}",1,1.163,"{""doji_tol"":0.13,""wick_body_ratio"":2.4,""allowshort"":false}",2014-01-01,2024-12-31,2025-01-01,2026-04-20,2014-01-01,2026-04-20,276,69,30,39,43.48,90553.54,-40551.1,22.94,,43.84,286777.3200000002,-248293.50000000015,113.51,0.45,0.51,0.0123,0.01,61,18,8,10,44.44,70877.85,-52692.63,11.39,,26.9,215693.8699999999,-221951.19999999992,4.01,0.22,0.23,0.0127,0.01,337,87,38,49,43.68,97325.46,-53665.29,20.67,,43.84,429052.25999999983,-441464.09999999986,106.88,0.39,0.43,0.0124,0.01
GAZP,engulfing,1D,False,Bayesian_TPE,"{""sampler"":""TPESampler"",""seed"":42,""n_trials"":50,""direction"":""maximize"",""objective"":""composite = Sharpe * (Return% / MaxDD%)""}",2,1.163,"{""doji_tol"":0.12,""wick_body_ratio"":3.5,""allowshort"":false}",2014-01-01,2024-12-31,2025-01-01,2026-04-20,2014-01-01,2026-04-20,276,69,30,39,43.48,90553.54,-40551.1,22.94,,43.84,286777.3200000002,-248293.50000000015,113.51,0.45,0.51,0.0123,0.01,61,18,8,10,44.44,70877.85,-52692.63,11.39,,26.9,215693.8699999999,-221951.19999999992,4.01,0.22,0.23,0.0127,0.01,337,87,38,49,43.68,97325.46,-53665.29,20.67,,43.84,429052.25999999983,-441464.09999999986,106.88,0.39,0.43,0.0124,0.01
GAZP,engulfing,1D,False,Bayesian_TPE,"{""sampler"":""TPESampler"",""seed"":42,""n_trials"":50,""direction"":""maximize"",""objective"":""composite = Sharpe * (Return% / MaxDD%)""}",3,1.163,"{""doji_tol"":0.18,""wick_body_ratio"":1.5,""allowshort"":false}",2014-01-01,2024-12-31,2025-01-01,2026-04-20,2014-01-01,2026-04-20,276,69,30,39,43.48,90553.54,-40551.1,22.94,,43.84,286777.3200000002,-248293.50000000015,113.51,0.45,0.51,0.0123,0.01,61,18,8,10,44.44,70877.85,-52692.63,11.39,,26.9,215693.8699999999,-221951.19999999992,4.01,0.22,0.23,0.0127,0.01,337,87,38,49,43.68,97325.46,-53665.29,20.67,,43.84,429052.25999999983,-441464.09999999986,106.88,0.39,0.43,0.0124,0.01
GAZP,engulfing,1D,False,Bayesian_TPE,"{""sampler"":""TPESampler"",""seed"":42,""n_trials"":50,""direction"":""maximize"",""objective"":""composite = Sharpe * (Return% / MaxDD%)""}",4,1.163,"{""doji_tol"":0.14,""wick_body_ratio"":1.9,""allowshort"":false}",2014-01-01,2024-12-31,2025-01-01,2026-04-20,2014-01-01,2026-04-20,276,69,30,39,43.48,90553.54,-40551.1,22.94,,43.84,286777.3200000002,-248293.50000000015,113.51,0.45,0.51,0.0123,0.01,61,18,8,10,44.44,70877.85,-52692.63,11.39,,26.9,215693.8699999999,-221951.19999999992,4.01,0.22,0.23,0.0127,0.01,337,87,38,49,43.68,97325.46,-53665.29,20.67,,43.84,429052.25999999983,-441464.09999999986,106.88,0.39,0.43,0.0124,0.01
GAZP,engulfing,1D,False,Bayesian_TPE,"{""sampler"":""TPESampler"",""seed"":42,""n_trials"":50,""direction"":""maximize"",""objective"":""composite = Sharpe * (Return% / MaxDD%)""}",5,1.163,"{""doji_tol"":0.16,""wick_body_ratio"":1.7,""allowshort"":false}",2014-01-01,2024-12-31,2025-01-01,2026-04-20,2014-01-01,2026-04-20,276,69,30,39,43.48,90553.54,-40551.1,22.94,,43.84,286777.3200000002,-248293.50000000015,113.51,0.45,0.51,0.0123,0.01,61,18,8,10,44.44,70877.85,-52692.63,11.39,,26.9,215693.8699999999,-221951.19999999992,4.01,0.22,0.23,0.0127,0.01,337,87,38,49,43.68,97325.46,-53665.29,20.67,,43.84,429052.25999999983,-441464.09999999986,106.88,0.39,0.43,0.0124,0.01
GAZP,hammerdoji,1D,False,Bayesian_TPE,"{""sampler"":""TPESampler"",""seed"":42,""n_trials"":50,""direction"":""maximize"",""objective"":""composite = Sharpe * (Return% / MaxDD%)""}",1,0.921,"{""doji_tol"":0.13,""wick_body_ratio"":3.3,""allowshort"":false}",2014-01-01,2024-12-31,2025-01-01,2026-04-20,2014-01-01,2026-04-20,421,96,52,44,54.17,60962.58,-49217.54,23.85,,43.1,509052.96,-420338.52,100.45,0.39,0.52,0.014,0.01,58,17,11,6,64.71,48080.04,-98055.64,15.88,,43.74,211912.28999999983,-326426.0400000001,-5.95,-0.02,-0.03,0.0159,-0.0,479,112,62,50,55.36,66454.25,-66051.48,22.92,,43.75,509052.96,-630869.2400000001,81.76,0.32,0.41,0.0142,0.01
GAZP,hammerdoji,1D,False,Bayesian_TPE,"{""sampler"":""TPESampler"",""seed"":42,""n_trials"":50,""direction"":""maximize"",""objective"":""composite = Sharpe * (Return% / MaxDD%)""}",2,0.921,"{""doji_tol"":0.13,""wick_body_ratio"":3.3,""allowshort"":false}",2014-01-01,2024-12-31,2025-01-01,2026-04-20,2014-01-01,2026-04-20,421,96,52,44,54.17,60962.58,-49217.54,23.85,,43.1,509052.96,-420338.52,100.45,0.39,0.52,0.014,0.01,58,17,11,6,64.71,48080.04,-98055.64,15.88,,43.74,211912.28999999983,-326426.0400000001,-5.95,-0.02,-0.03,0.0159,-0.0,479,112,62,50,55.36,66454.25,-66051.48,22.92,,43.75,509052.96,-630869.2400000001,81.76,0.32,0.41,0.0142,0.01
GAZP,hammerdoji,1D,False,Bayesian_TPE,"{""sampler"":""TPESampler"",""seed"":42,""n_trials"":50,""direction"":""maximize"",""objective"":""composite = Sharpe * (Return% / MaxDD%)""}",3,0.808,"{""doji_tol"":0.13,""wick_body_ratio"":3.5,""allowshort"":false}",2014-01-01,2024-12-31,2025-01-01,2026-04-20,2014-01-01,2026-04-20,414,94,51,43,54.26,61253.78,-51165.66,24.61,,43.11,502090.02,-423850.11999999994,92.38,0.38,0.49,0.014,0.01,57,16,10,6,62.5,53301.42,-98083.9,17.56,,43.74,211912.28999999983,-326426.0400000001,-5.55,-0.01,-0.01,0.0159,-0.0,471,109,60,49,55.05,67391.33,-67176.67,23.86,,43.75,502090.02,-605442.2800000001,75.18,0.31,0.39,0.0143,0.01
GAZP,hammerdoji,1D,False,Bayesian_TPE,"{""sampler"":""TPESampler"",""seed"":42,""n_trials"":50,""direction"":""maximize"",""objective"":""composite = Sharpe * (Return% / MaxDD%)""}",4,0.808,"{""doji_tol"":0.13,""wick_body_ratio"":3.5,""allowshort"":false}",2014-01-01,2024-12-31,2025-01-01,2026-04-20,2014-01-01,2026-04-20,414,94,51,43,54.26,61253.78,-51165.66,24.61,,43.11,502090.02,-423850.11999999994,92.38,0.38,0.49,0.014,0.01,57,16,10,6,62.5,53301.42,-98083.9,17.56,,43.74,211912.28999999983,-326426.0400000001,-5.55,-0.01,-0.01,0.0159,-0.0,471,109,60,49,55.05,67391.33,-67176.67,23.86,,43.75,502090.02,-605442.2800000001,75.18,0.31,0.39,0.0143,0.01
GAZP,hammerdoji,1D,False,Bayesian_TPE,"{""sampler"":""TPESampler"",""seed"":42,""n_trials"":50,""direction"":""maximize"",""objective"":""composite = Sharpe * (Return% / MaxDD%)""}",5,0.808,"{""doji_tol"":0.13,""wick_body_ratio"":3.5,""allowshort"":false}",2014-01-01,2024-12-31,2025-01-01,2026-04-20,2014-01-01,2026-04-20,414,94,51,43,54.26,61253.78,-51165.66,24.61,,43.11,502090.02,-423850.11999999994,92.38,0.38,0.49,0.014,0.01,57,16,10,6,62.5,53301.42,-98083.9,17.56,,43.74,211912.28999999983,-326426.0400000001,-5.55,-0.01,-0.01,0.0159,-0.0,471,109,60,49,55.05,67391.33,-67176.67,23.86,,43.75,502090.02,-605442.2800000001,75.18,0.31,0.39,0.0143,0.01
GAZP,harami,1D,False,Bayesian_TPE,"{""sampler"":""TPESampler"",""seed"":42,""n_trials"":50,""direction"":""maximize"",""objective"":""composite = Sharpe * (Return% / MaxDD%)""}",1,0.055,"{""doji_tol"":0.13,""wick_body_ratio"":2.4,""allowshort"":false}",2014-01-01,2024-12-31,2025-01-01,2026-04-20,2014-01-01,2026-04-20,30,5,2,3,40.0,104602.92,-244699.72,592.2,,69.92,127396.35999999991,-621034.3800000001,-52.49,-0.07,-0.07,0.0188,-0.0,6,2,1,1,50.0,3407.75,-18478.8,149.5,,19.92,3407.7499999999413,-18478.799999999883,-1.51,0.05,0.07,0.0121,0.0,36,6,2,4,33.33,104602.92,-191422.6,569.83,,69.92,127396.35999999991,-621034.3800000001,-55.65,-0.06,-0.07,0.0188,-0.0
GAZP,harami,1D,False,Bayesian_TPE,"{""sampler"":""TPESampler"",""seed"":42,""n_trials"":50,""direction"":""maximize"",""objective"":""composite = Sharpe * (Return% / MaxDD%)""}",2,0.055,"{""doji_tol"":0.12,""wick_body_ratio"":3.5,""allowshort"":false}",2014-01-01,2024-12-31,2025-01-01,2026-04-20,2014-01-01,2026-04-20,30,5,2,3,40.0,104602.92,-244699.72,592.2,,69.92,127396.35999999991,-621034.3800000001,-52.49,-0.07,-0.07,0.0188,-0.0,6,2,1,1,50.0,3407.75,-18478.8,149.5,,19.92,3407.7499999999413,-18478.799999999883,-1.51,0.05,0.07,0.0121,0.0,36,6,2,4,33.33,104602.92,-191422.6,569.83,,69.92,127396.35999999991,-621034.3800000001,-55.65,-0.06,-0.07,0.0188,-0.0
GAZP,harami,1D,False,Bayesian_TPE,"{""sampler"":""TPESampler"",""seed"":42,""n_trials"":50,""direction"":""maximize"",""objective"":""composite = Sharpe * (Return% / MaxDD%)""}",3,0.055,"{""doji_tol"":0.18,""wick_body_ratio"":1.5,""allowshort"":false}",2014-01-01,2024-12-31,2025-01-01,2026-04-20,2014-01-01,2026-04-20,30,5,2,3,40.0,104602.92,-244699.72,592.2,,69.92,127396.35999999991,-621034.3800000001,-52.49,-0.07,-0.07,0.0188,-0.0,6,2,1,1,50.0,3407.75,-18478.8,149.5,,19.92,3407.7499999999413,-18478.799999999883,-1.51,0.05,0.07,0.0121,0.0,36,6,2,4,33.33,104602.92,-191422.6,569.83,,69.92,127396.35999999991,-621034.3800000001,-55.65,-0.06,-0.07,0.0188,-0.0
GAZP,harami,1D,False,Bayesian_TPE,"{""sampler"":""TPESampler"",""seed"":42,""n_trials"":50,""direction"":""maximize"",""objective"":""composite = Sharpe * (Return% / MaxDD%)""}",4,0.055,"{""doji_tol"":0.14,""wick_body_ratio"":1.9,""allowshort"":false}",2014-01-01,2024-12-31,2025-01-01,2026-04-20,2014-01-01,2026-04-20,30,5,2,3,40.0,104602.92,-244699.72,592.2,,69.92,127396.35999999991,-621034.3800000001,-52.49,-0.07,-0.07,0.0188,-0.0,6,2,1,1,50.0,3407.75,-18478.8,149.5,,19.92,3407.7499999999413,-18478.799999999883,-1.51,0.05,0.07,0.0121,0.0,36,6,2,4,33.33,104602.92,-191422.6,569.83,,69.92,127396.35999999991,-621034.3800000001,-55.65,-0.06,-0.07,0.0188,-0.0
GAZP,harami,1D,False,Bayesian_TPE,"{""sampler"":""TPESampler"",""seed"":42,""n_trials"":50,""direction"":""maximize"",""objective"":""composite = Sharpe * (Return% / MaxDD%)""}",5,0.055,"{""doji_tol"":0.16,""wick_body_ratio"":1.7,""allowshort"":false}",2014-01-01,2024-12-31,2025-01-01,2026-04-20,2014-01-01,2026-04-20,30,5,2,3,40.0,104602.92,-244699.72,592.2,,69.92,127396.35999999991,-621034.3800000001,-52.49,-0.07,-0.07,0.0188,-0.0,6,2,1,1,50.0,3407.75,-18478.8,149.5,,19.92,3407.7499999999413,-18478.799999999883,-1.51,0.05,0.07,0.0121,0.0,36,6,2,4,33.33,104602.92,-191422.6,569.83,,69.92,127396.35999999991,-621034.3800000001,-55.65,-0.06,-0.07,0.0188,-0.0
GAZP,candle_ensemble,1D,False,Bayesian_TPE,"{""sampler"":""TPESampler"",""seed"":42,""n_trials"":50,""direction"":""maximize"",""objective"":""composite = Sharpe * (Return% / MaxDD%)""}",1,6.164,"{""ensemble_window"":9,""min_votes"":4,""doji_tol"":0.05,""wick_body_ratio"":1.9,""allowshort"":false}",2014-01-01,2024-12-31,2025-01-01,2026-04-20,2014-01-01,2026-04-20,26,6,5,1,83.33,304058.94,-17521.64,192.0,,17.14,1056817.8,-17521.639999999985,150.28,0.7,0.71,0.0083,0.03,2,1,1,0,100.0,28452.48,0.0,279.0,,19.92,28452.480000000032,28452.480000000032,2.85,0.18,0.26,0.0116,0.01,28,7,6,1,85.71,265251.57,-17521.64,204.43,,19.92,1056817.8,-17521.639999999985,157.4,0.61,0.65,0.0088,0.03
GAZP,candle_ensemble,1D,False,Bayesian_TPE,"{""sampler"":""TPESampler"",""seed"":42,""n_trials"":50,""direction"":""maximize"",""objective"":""composite = Sharpe * (Return% / MaxDD%)""}",2,6.164,"{""ensemble_window"":9,""min_votes"":4,""doji_tol"":0.05,""wick_body_ratio"":1.8,""allowshort"":false}",2014-01-01,2024-12-31,2025-01-01,2026-04-20,2014-01-01,2026-04-20,26,6,5,1,83.33,304058.94,-17521.64,192.0,,17.14,1056817.8,-17521.639999999985,150.28,0.7,0.71,0.0083,0.03,3,1,0,1,0.0,0.0,-256879.84,412.0,,34.37,-256879.8399999999,-256879.8399999999,-25.69,-0.56,-0.75,0.0166,-0.03,29,7,5,2,71.43,304058.94,-330208.46,223.43,,34.37,1056817.8,-642895.2799999998,85.99,0.39,0.39,0.0098,0.01
GAZP,candle_ensemble,1D,False,Bayesian_TPE,"{""sampler"":""TPESampler"",""seed"":42,""n_trials"":50,""direction"":""maximize"",""objective"":""composite = Sharpe * (Return% / MaxDD%)""}",3,6.164,"{""ensemble_window"":9,""min_votes"":4,""doji_tol"":0.05,""wick_body_ratio"":1.9,""allowshort"":false}",2014-01-01,2024-12-31,2025-01-01,2026-04-20,2014-01-01,2026-04-20,26,6,5,1,83.33,304058.94,-17521.64,192.0,,17.14,1056817.8,-17521.639999999985,150.28,0.7,0.71,0.0083,0.03,2,1,1,0,100.0,28452.48,0.0,279.0,,19.92,28452.480000000032,28452.480000000032,2.85,0.18,0.26,0.0116,0.01,28,7,6,1,85.71,265251.57,-17521.64,204.43,,19.92,1056817.8,-17521.639999999985,157.4,0.61,0.65,0.0088,0.03
GAZP,candle_ensemble,1D,False,Bayesian_TPE,"{""sampler"":""TPESampler"",""seed"":42,""n_trials"":50,""direction"":""maximize"",""objective"":""composite = Sharpe * (Return% / MaxDD%)""}",4,4.68,"{""ensemble_window"":9,""min_votes"":4,""doji_tol"":0.04,""wick_body_ratio"":1.9,""allowshort"":false}",2014-01-01,2024-12-31,2025-01-01,2026-04-20,2014-01-01,2026-04-20,22,6,5,1,83.33,250306.46,-17521.64,174.67,,17.14,826390.1800000002,-17521.639999999985,123.4,0.65,0.64,0.0078,0.03,2,1,1,0,100.0,28452.48,0.0,279.0,,19.92,28452.480000000032,28452.480000000032,2.85,0.18,0.26,0.0116,0.01,24,7,6,1,85.71,219183.0,-17521.64,189.57,,19.92,826390.1800000002,-17521.639999999985,129.76,0.56,0.59,0.0084,0.02
GAZP,candle_ensemble,1D,False,Bayesian_TPE,"{""sampler"":""TPESampler"",""seed"":42,""n_trials"":50,""direction"":""maximize"",""objective"":""composite = Sharpe * (Return% / MaxDD%)""}",5,4.468,"{""ensemble_window"":8,""min_votes"":4,""doji_tol"":0.06,""wick_body_ratio"":1.9,""allowshort"":false}",2014-01-01,2024-12-31,2025-01-01,2026-04-20,2014-01-01,2026-04-20,24,5,5,0,100.0,339338.04,0.0,278.4,,25.86,917963.32,137741.00000000015,169.67,0.68,0.75,0.0094,0.02,2,1,0,1,0.0,0.0,-256879.84,412.0,,34.37,-256879.8399999999,-256879.8399999999,-25.69,-0.56,-0.75,0.0166,-0.03,26,6,5,1,83.33,339338.04,-692723.36,300.67,,34.37,917963.32,-692723.3599999999,100.4,0.41,0.45,0.0106,0.01
VKCO,ema,1D,True,Bayesian_TPE,"{""sampler"":""TPESampler"",""seed"":42,""n_trials"":50,""direction"":""maximize"",""objective"":""composite = Sharpe * (Return% / MaxDD%)""}",1,5.805,"{""short_ema"":85,""long_ema"":119,""allowshort"":true}",2014-01-01,2024-12-31,2025-01-01,2026-04-20,2014-01-01,2026-04-20,3,3,3,0,100.0,525876.33,0.0,363.33,,31.66,821652.0000000002,337272.00000000023,157.76,1.17,1.7,0.0205,0.08,4,4,1,3,25.0,2713.1,-145139.03,66.5,,49.42,2713.099999999905,-198144.0,-43.27,-1.45,-1.47,0.0139,-0.04,7,7,4,3,57.14,388285.88,-369599.17,223.57,,49.43,790257.0000000002,-504640.0,44.43,0.42,0.59,0.0188,0.02
VKCO,ema,1D,True,Bayesian_TPE,"{""sampler"":""TPESampler"",""seed"":42,""n_trials"":50,""direction"":""maximize"",""objective"":""composite = Sharpe * (Return% / MaxDD%)""}",2,5.757,"{""short_ema"":78,""long_ema"":148,""allowshort"":true}",2014-01-01,2024-12-31,2025-01-01,2026-04-20,2014-01-01,2026-04-20,3,3,3,0,100.0,521065.67,0.0,363.33,,31.66,815552.2,329919.7999999999,156.32,1.17,1.71,0.0204,0.08,4,4,1,3,25.0,2940.6,-129395.33,63.75,,43.68,2940.599999999897,-200063.2000000001,-38.52,-1.28,-1.32,0.0134,-0.04,7,7,4,3,57.14,378173.8,-324206.8,223.57,,45.45,757681.9999999999,-501320.00000000023,54.01,0.47,0.67,0.0185,0.02
VKCO,ema,1D,True,Bayesian_TPE,"{""sampler"":""TPESampler"",""seed"":42,""n_trials"":50,""direction"":""maximize"",""objective"":""composite = Sharpe * (Return% / MaxDD%)""}",3,5.635,"{""short_ema"":77,""long_ema"":128,""allowshort"":true}",2014-01-01,2024-12-31,2025-01-01,2026-04-20,2014-01-01,2026-04-20,3,3,3,0,100.0,515781.0,0.0,363.33,,31.66,812034.0000000002,321504.0000000002,154.73,1.15,1.68,0.0205,0.07,4,4,1,3,25.0,3061.5,-120994.4,66.5,,42.94,3061.4999999998927,-152632.79999999987,-35.99,-1.2,-1.29,0.0131,-0.04,7,7,4,3,57.14,381005.15,-304498.67,223.57,,42.94,781006.5000000002,-384145.5999999996,61.05,0.5,0.72,0.0186,0.02
VKCO,ema,1D,True,Bayesian_TPE,"{""sampler"":""TPESampler"",""seed"":42,""n_trials"":50,""direction"":""maximize"",""objective"":""composite = Sharpe * (Return% / MaxDD%)""}",4,5.55,"{""short_ema"":93,""long_ema"":112,""allowshort"":true}",2014-01-01,2024-12-31,2025-01-01,2026-04-20,2014-01-01,2026-04-20,3,3,3,0,100.0,511053.0,0.0,363.33,,31.66,804941.9999999999,314411.99999999994,153.32,1.15,1.68,0.0206,0.07,4,4,1,3,25.0,2975.0,-141690.8,66.25,,49.39,2974.999999999952,-183761.60000000003,-42.21,-1.41,-1.42,0.0139,-0.04,7,7,4,3,57.14,381617.3,-356961.03,223.57,,49.39,790757.9999999999,-462960.3000000001,45.56,0.43,0.6,0.0188,0.02
VKCO,ema,1D,True,Bayesian_TPE,"{""sampler"":""TPESampler"",""seed"":42,""n_trials"":50,""direction"":""maximize"",""objective"":""composite = Sharpe * (Return% / MaxDD%)""}",5,5.55,"{""short_ema"":88,""long_ema"":117,""allowshort"":true}",2014-01-01,2024-12-31,2025-01-01,2026-04-20,2014-01-01,2026-04-20,3,3,3,0,100.0,511053.0,0.0,363.33,,31.66,804941.9999999999,314411.99999999994,153.32,1.15,1.68,0.0206,0.07,4,4,1,3,25.0,2762.5,-141761.63,66.25,,49.43,2762.4999999999036,-183761.60000000003,-42.25,-1.41,-1.42,0.0139,-0.04,7,7,4,3,57.14,381483.47,-357139.47,223.57,,49.43,790757.9999999999,-462960.3000000001,45.45,0.43,0.6,0.0188,0.02
VKCO,rsi,1D,False,Bayesian_TPE,"{""sampler"":""TPESampler"",""seed"":42,""n_trials"":50,""direction"":""maximize"",""objective"":""composite = Sharpe * (Return% / MaxDD%)""}",1,0.44,"{""rsi_lower"":42,""rsi_upper"":57,""rsi_window"":16,""allowshort"":false}",2014-01-01,2024-12-31,2025-01-01,2026-04-20,2014-01-01,2026-04-20,72,8,4,4,50.0,42778.5,-179303.45,73.5,,66.54,102704.20000000004,-364724.8,-54.61,-0.54,-0.68,0.0238,-0.02,31,3,1,2,33.33,29285.3,-60204.05,45.67,,15.66,29285.299999999916,-117857.29999999992,-9.11,-0.26,-0.22,0.0108,-0.02,103,11,5,6,45.45,36881.94,-128645.55,65.91,,66.54,102704.20000000004,-364724.8,-58.75,-0.45,-0.51,0.0201,-0.01
VKCO,rsi,1D,False,Bayesian_TPE,"{""sampler"":""TPESampler"",""seed"":42,""n_trials"":50,""direction"":""maximize"",""objective"":""composite = Sharpe * (Return% / MaxDD%)""}",2,0.404,"{""rsi_lower"":30,""rsi_upper"":55,""rsi_window"":19,""allowshort"":false}",2014-01-01,2024-12-31,2025-01-01,2026-04-20,2014-01-01,2026-04-20,39,2,0,2,0.0,0.0,-358229.1,193.0,,76.59,-231043.19999999995,-485415.0,-71.65,-0.43,-0.44,0.0388,-0.02,23,3,1,2,33.33,87384.0,-51512.47,49.0,,19.17,87384.0,-73586.10000000008,-1.56,0.06,0.06,0.0132,0.0,62,5,1,4,20.0,24772.0,-186417.46,106.6,,76.59,24772.0,-485415.0,-72.09,-0.33,-0.31,0.032,-0.01
VKCO,rsi,1D,False,Bayesian_TPE,"{""sampler"":""TPESampler"",""seed"":42,""n_trials"":50,""direction"":""maximize"",""objective"":""composite = Sharpe * (Return% / MaxDD%)""}",3,0.31,"{""rsi_lower"":45,""rsi_upper"":63,""rsi_window"":10,""allowshort"":false}",2014-01-01,2024-12-31,2025-01-01,2026-04-20,2014-01-01,2026-04-20,69,10,7,3,70.0,28858.83,-296376.27,69.8,,74.21,61303.20000000003,-580792.7999999999,-68.71,-0.33,-0.43,0.0405,-0.02,44,10,7,3,70.0,48399.51,-175868.73,30.7,,32.12,74024.5,-200134.8000000001,-18.88,-0.3,-0.4,0.018,-0.02,113,20,14,6,70.0,21999.01,-175694.52,50.25,,76.73,61303.20000000003,-580792.7999999999,-74.62,-0.31,-0.4,0.0341,-0.01
VKCO,rsi,1D,False,Bayesian_TPE,"{""sampler"":""TPESampler"",""seed"":42,""n_trials"":50,""direction"":""maximize"",""objective"":""composite = Sharpe * (Return% / MaxDD%)""}",4,0.307,"{""rsi_lower"":37,""rsi_upper"":64,""rsi_window"":18,""allowshort"":false}",2014-01-01,2024-12-31,2025-01-01,2026-04-20,2014-01-01,2026-04-20,37,3,1,2,33.33,38913.6,-355999.5,180.67,,75.1,38913.59999999993,-403515.00000000006,-67.31,-0.34,-0.4,0.0392,-0.02,18,3,1,2,33.33,88560.0,-23711.95,58.0,,17.41,88560.0,-40227.19999999991,4.11,0.22,0.22,0.0142,0.02,55,6,2,4,33.33,35332.8,-174358.3,122.83,,75.1,38913.59999999993,-403515.00000000006,-62.68,-0.18,-0.2,0.0327,-0.01
VKCO,rsi,1D,False,Bayesian_TPE,"{""sampler"":""TPESampler"",""seed"":42,""n_trials"":50,""direction"":""maximize"",""objective"":""composite = Sharpe * (Return% / MaxDD%)""}",5,0.292,"{""rsi_lower"":38,""rsi_upper"":61,""rsi_window"":20,""allowshort"":false}",2014-01-01,2024-12-31,2025-01-01,2026-04-20,2014-01-01,2026-04-20,42,3,1,2,33.33,19400.0,-340210.8,162.67,,74.19,19399.999999999975,-384056.0,-66.1,-0.33,-0.37,0.0389,-0.02,26,3,0,3,0.0,0.0,-34104.83,68.33,,20.83,-11309.10000000004,-56321.399999999965,-10.23,-0.14,-0.15,0.0158,-0.01,68,6,1,5,16.67,19400.0,-137997.6,119.17,,74.19,19399.999999999975,-384056.0,-67.06,-0.24,-0.26,0.0328,-0.01
VKCO,macd,1D,False,Bayesian_TPE,"{""sampler"":""TPESampler"",""seed"":42,""n_trials"":50,""direction"":""maximize"",""objective"":""composite = Sharpe * (Return% / MaxDD%)""}",1,0.625,"{""macd_fast"":10,""macd_slow"":37,""macd_signal"":12,""allowshort"":false}",2014-01-01,2024-12-31,2025-01-01,2026-04-20,2014-01-01,2026-04-20,54,27,7,20,25.93,62822.31,-54849.42,19.56,,74.82,111044.00000000004,-311082.19999999995,-65.72,-0.71,-0.68,0.0254,-0.02,26,13,5,8,38.46,63307.14,-36708.9,16.0,,18.43,198279.89999999997,-70431.0,2.29,0.17,0.2,0.0136,0.01,80,40,12,28,30.0,48405.48,-43031.89,19.2,,74.82,111044.00000000004,-311082.19999999995,-62.4,-0.43,-0.42,0.0223,-0.01
VKCO,macd,1D,False,Bayesian_TPE,"{""sampler"":""TPESampler"",""seed"":42,""n_trials"":50,""direction"":""maximize"",""objective"":""composite = Sharpe * (Return% / MaxDD%)""}",2,0.613,"{""macd_fast"":14,""macd_slow"":39,""macd_signal"":9,""allowshort"":false}",2014-01-01,2024-12-31,2025-01-01,2026-04-20,2014-01-01,2026-04-20,54,27,7,20,25.93,63091.51,-54762.68,19.81,,74.82,108295.0,-311082.19999999995,-65.36,-0.7,-0.68,0.0254,-0.02,24,12,4,8,33.33,76100.25,-31340.53,17.25,,17.69,199754.09999999995,-61480.59999999985,5.37,0.25,0.29,0.0135,0.02,78,39,11,28,28.21,51046.6,-42315.84,19.92,,74.82,108295.0,-311082.19999999995,-62.33,-0.43,-0.41,0.0223,-0.01
VKCO,macd,1D,False,Bayesian_TPE,"{""sampler"":""TPESampler"",""seed"":42,""n_trials"":50,""direction"":""maximize"",""objective"":""composite = Sharpe * (Return% / MaxDD%)""}",3,0.613,"{""macd_fast"":10,""macd_slow"":41,""macd_signal"":12,""allowshort"":false}",2014-01-01,2024-12-31,2025-01-01,2026-04-20,2014-01-01,2026-04-20,54,27,7,20,25.93,63091.51,-54762.68,19.81,,74.82,108295.0,-311082.19999999995,-65.36,-0.7,-0.68,0.0254,-0.02,26,13,5,8,38.46,64551.99,-32614.72,15.92,,17.69,199073.69999999995,-61261.59999999986,6.18,0.28,0.32,0.0136,0.02,80,40,12,28,30.0,47340.18,-42446.57,19.43,,74.82,108295.0,-311082.19999999995,-62.04,-0.42,-0.41,0.0223,-0.01
VKCO,macd,1D,False,Bayesian_TPE,"{""sampler"":""TPESampler"",""seed"":42,""n_trials"":50,""direction"":""maximize"",""objective"":""composite = Sharpe * (Return% / MaxDD%)""}",4,0.613,"{""macd_fast"":10,""macd_slow"":41,""macd_signal"":12,""allowshort"":false}",2014-01-01,2024-12-31,2025-01-01,2026-04-20,2014-01-01,2026-04-20,54,27,7,20,25.93,63091.51,-54762.68,19.81,,74.82,108295.0,-311082.19999999995,-65.36,-0.7,-0.68,0.0254,-0.02,26,13,5,8,38.46,64551.99,-32614.72,15.92,,17.69,199073.69999999995,-61261.59999999986,6.18,0.28,0.32,0.0136,0.02,80,40,12,28,30.0,47340.18,-42446.57,19.43,,74.82,108295.0,-311082.19999999995,-62.04,-0.42,-0.41,0.0223,-0.01
VKCO,macd,1D,False,Bayesian_TPE,"{""sampler"":""TPESampler"",""seed"":42,""n_trials"":50,""direction"":""maximize"",""objective"":""composite = Sharpe * (Return% / MaxDD%)""}",5,0.611,"{""macd_fast"":10,""macd_slow"":36,""macd_signal"":12,""allowshort"":false}",2014-01-01,2024-12-31,2025-01-01,2026-04-20,2014-01-01,2026-04-20,56,28,7,21,25.0,65830.37,-53046.08,19.07,,74.82,111044.00000000004,-311082.19999999995,-65.32,-0.7,-0.68,0.0254,-0.02,28,14,6,8,42.86,50779.76,-36389.61,14.79,,18.43,198279.89999999997,-70431.0,1.36,0.14,0.17,0.0136,0.01,84,42,13,29,30.95,46089.1,-42145.54,18.4,,74.82,111044.00000000004,-311082.19999999995,-62.31,-0.43,-0.42,0.0223,-0.01
VKCO,breakout_pivot,1D,True,Bayesian_TPE,"{""sampler"":""TPESampler"",""seed"":42,""n_trials"":50,""direction"":""maximize"",""objective"":""composite = Sharpe * (Return% / MaxDD%)""}",1,4.708,"{""lookback"":186,""pivot_window"":5,""min_touches"":4,""tolerance_atr_mult"":0.4,""cluster_atr_mult"":0.55,""confirmation_bars"":2,""cooldown_bars"":11,""allowshort"":true}",2014-01-01,2024-12-31,2025-01-01,2026-04-20,2014-01-01,2026-04-20,5,1,1,0,100.0,404637.4,0.0,93.0,,9.23,404637.4,404637.4,40.46,1.07,0.69,0.0073,0.08,8,1,1,0,100.0,67984.7,0.0,240.0,,30.1,67984.69999999997,67984.69999999997,6.8,0.29,0.39,0.0133,0.01,13,2,2,0,100.0,250071.5,0.0,166.5,,30.1,404637.4,95505.59999999996,50.01,0.65,0.62,0.0099,0.02
VKCO,breakout_pivot,1D,True,Bayesian_TPE,"{""sampler"":""TPESampler"",""seed"":42,""n_trials"":50,""direction"":""maximize"",""objective"":""composite = Sharpe * (Return% / MaxDD%)""}",2,1.139,"{""lookback"":176,""pivot_window"":10,""min_touches"":3,""tolerance_atr_mult"":0.7,""cluster_atr_mult"":0.5,""confirmation_bars"":2,""cooldown_bars"":3,""allowshort"":true}",2014-01-01,2024-12-31,2025-01-01,2026-04-20,2014-01-01,2026-04-20,8,2,0,2,0.0,0.0,-279221.7,217.0,,58.56,-77657.39999999995,-480785.99999999994,-55.84,-1.19,-1.15,0.0136,-0.03,4,1,1,0,100.0,179070.0,0.0,277.0,,30.1,179070.0,179070.0,17.91,0.54,0.77,0.0151,0.03,12,3,1,2,33.33,79054.0,-279221.7,237.0,,60.55,79054.0,-480785.99999999994,-47.94,-0.53,-0.58,0.0142,-0.01
VKCO,breakout_pivot,1D,True,Bayesian_TPE,"{""sampler"":""TPESampler"",""seed"":42,""n_trials"":50,""direction"":""maximize"",""objective"":""composite = Sharpe * (Return% / MaxDD%)""}",3,0.842,"{""lookback"":138,""pivot_window"":9,""min_touches"":4,""tolerance_atr_mult"":1.0,""cluster_atr_mult"":0.6000000000000001,""confirmation_bars"":1,""cooldown_bars"":12,""allowshort"":true}",2014-01-01,2024-12-31,2025-01-01,2026-04-20,2014-01-01,2026-04-20,2,1,0,1,0.0,0.0,-600148.8,509.0,,69.55,-600148.8,-600148.8,-60.01,-0.98,-1.09,0.0178,-0.03,1,0,0,0,0.0,0.0,0.0,0.0,,0.0,0.0,0.0,0.0,,,0.0,,3,1,0,1,0.0,0.0,-609478.2,936.0,,69.55,-609478.2,-609478.2,-60.95,-0.53,-0.68,0.0191,-0.01
VKCO,breakout_pivot,1D,False,Bayesian_TPE,"{""sampler"":""TPESampler"",""seed"":42,""n_trials"":50,""direction"":""maximize"",""objective"":""composite = Sharpe * (Return% / MaxDD%)""}",4,0.752,"{""lookback"":228,""pivot_window"":9,""min_touches"":4,""tolerance_atr_mult"":0.3,""cluster_atr_mult"":0.75,""confirmation_bars"":2,""cooldown_bars"":19,""allowshort"":false}",2014-01-01,2024-12-31,2025-01-01,2026-04-20,2014-01-01,2026-04-20,1,1,0,1,0.0,0.0,-518364.0,307.0,,63.94,-518364.00000000006,-518364.00000000006,-51.84,-0.93,-0.87,0.0152,-0.02,1,0,0,0,0.0,0.0,0.0,0.0,,0.0,0.0,0.0,0.0,,,0.0,,2,1,0,1,0.0,0.0,-537383.0,735.0,,63.94,-537383.0,-537383.0,-53.74,-0.47,-0.56,0.0176,-0.01
VKCO,breakout_pivot,1D,False,Bayesian_TPE,"{""sampler"":""TPESampler"",""seed"":42,""n_trials"":50,""direction"":""maximize"",""objective"":""composite = Sharpe * (Return% / MaxDD%)""}",5,0.752,"{""lookback"":196,""pivot_window"":9,""min_touches"":4,""tolerance_atr_mult"":0.3,""cluster_atr_mult"":0.75,""confirmation_bars"":2,""cooldown_bars"":18,""allowshort"":false}",2014-01-01,2024-12-31,2025-01-01,2026-04-20,2014-01-01,2026-04-20,1,1,0,1,0.0,0.0,-518364.0,307.0,,63.94,-518364.00000000006,-518364.00000000006,-51.84,-0.93,-0.87,0.0152,-0.02,1,0,0,0,0.0,0.0,0.0,0.0,,0.0,0.0,0.0,0.0,,,0.0,,2,1,0,1,0.0,0.0,-537383.0,735.0,,63.94,-537383.0,-537383.0,-53.74,-0.47,-0.56,0.0176,-0.01
VKCO,breakout_ols,1D,False,Bayesian_TPE,"{""sampler"":""TPESampler"",""seed"":42,""n_trials"":50,""direction"":""maximize"",""objective"":""composite = Sharpe * (Return% / MaxDD%)""}",1,0.863,"{""lookback"":284,""pivot_window"":9,""min_touches"":4,""tolerance_atr_mult"":0.6000000000000001,""cluster_atr_mult"":0.5,""confirmation_bars"":1,""cooldown_bars"":4,""allowshort"":false}",2014-01-01,2024-12-31,2025-01-01,2026-04-20,2014-01-01,2026-04-20,14,2,2,0,100.0,158011.9,0.0,100.0,,23.88,243577.40000000005,72446.39999999995,31.6,0.65,0.42,0.0105,0.03,13,2,0,2,0.0,0.0,-5490.4,108.0,,27.59,-3373.200000000128,-7607.59999999996,-1.1,0.05,0.08,0.0116,0.0,27,3,1,2,33.33,243577.4,-65980.4,195.33,,37.86,243577.40000000005,-123411.60000000003,11.16,0.22,0.22,0.0145,0.01
VKCO,breakout_ols,1D,False,Bayesian_TPE,"{""sampler"":""TPESampler"",""seed"":42,""n_trials"":50,""direction"":""maximize"",""objective"":""composite = Sharpe * (Return% / MaxDD%)""}",2,0.863,"{""lookback"":287,""pivot_window"":9,""min_touches"":5,""tolerance_atr_mult"":0.55,""cluster_atr_mult"":0.5,""confirmation_bars"":1,""cooldown_bars"":7,""allowshort"":false}",2014-01-01,2024-12-31,2025-01-01,2026-04-20,2014-01-01,2026-04-20,13,2,2,0,100.0,158011.9,0.0,100.0,,23.88,243577.40000000005,72446.39999999995,31.6,0.65,0.42,0.0105,0.03,11,2,0,2,0.0,0.0,-5490.4,108.0,,27.59,-3373.200000000128,-7607.59999999996,-1.1,0.05,0.08,0.0116,0.0,24,3,1,2,33.33,243577.4,-65980.4,195.33,,37.86,243577.40000000005,-123411.60000000003,11.16,0.22,0.22,0.0145,0.01
VKCO,breakout_ols,1D,False,Bayesian_TPE,"{""sampler"":""TPESampler"",""seed"":42,""n_trials"":50,""direction"":""maximize"",""objective"":""composite = Sharpe * (Return% / MaxDD%)""}",3,0.822,"{""lookback"":270,""pivot_window"":9,""min_touches"":5,""tolerance_atr_mult"":0.75,""cluster_atr_mult"":0.45,""confirmation_bars"":1,""cooldown_bars"":10,""allowshort"":false}",2014-01-01,2024-12-31,2025-01-01,2026-04-20,2014-01-01,2026-04-20,13,2,2,0,100.0,163409.3,0.0,104.0,,26.12,243577.40000000005,83241.19999999985,32.68,0.66,0.44,0.0107,0.03,9,2,1,1,50.0,75819.0,-29979.2,112.5,,24.69,75819.00000000013,-29979.199999999957,4.58,0.24,0.33,0.0121,0.01,22,3,1,2,33.33,243577.4,-39004.25,195.67,,37.35,243577.40000000005,-44593.5,16.56,0.26,0.27,0.0145,0.01
VKCO,breakout_ols,1D,False,Bayesian_TPE,"{""sampler"":""TPESampler"",""seed"":42,""n_trials"":50,""direction"":""maximize"",""objective"":""composite = Sharpe * (Return% / MaxDD%)""}",4,0.822,"{""lookback"":270,""pivot_window"":9,""min_touches"":5,""tolerance_atr_mult"":0.7,""cluster_atr_mult"":0.65,""confirmation_bars"":1,""cooldown_bars"":10,""allowshort"":false}",2014-01-01,2024-12-31,2025-01-01,2026-04-20,2014-01-01,2026-04-20,13,2,2,0,100.0,163409.3,0.0,104.0,,26.12,243577.40000000005,83241.19999999985,32.68,0.66,0.44,0.0107,0.03,9,2,1,1,50.0,75819.0,-29979.2,112.5,,24.69,75819.00000000013,-29979.199999999957,4.58,0.24,0.33,0.0121,0.01,22,3,1,2,33.33,243577.4,-39004.25,195.67,,37.35,243577.40000000005,-44593.5,16.56,0.26,0.27,0.0145,0.01
VKCO,breakout_ols,1D,False,Bayesian_TPE,"{""sampler"":""TPESampler"",""seed"":42,""n_trials"":50,""direction"":""maximize"",""objective"":""composite = Sharpe * (Return% / MaxDD%)""}",5,0.822,"{""lookback"":267,""pivot_window"":9,""min_touches"":5,""tolerance_atr_mult"":1.1,""cluster_atr_mult"":0.7,""confirmation_bars"":1,""cooldown_bars"":3,""allowshort"":false}",2014-01-01,2024-12-31,2025-01-01,2026-04-20,2014-01-01,2026-04-20,18,2,2,0,100.0,163409.3,0.0,104.0,,26.12,243577.40000000005,83241.19999999985,32.68,0.66,0.44,0.0107,0.03,15,2,1,1,50.0,75819.0,-43872.0,113.5,,24.69,75819.00000000013,-43872.0,3.19,0.19,0.27,0.0121,0.01,33,3,1,2,33.33,243577.4,-46746.75,196.33,,37.35,243577.40000000005,-48900.0,15.01,0.25,0.26,0.0145,0.01
VKCO,retest_pivot,1D,True,Bayesian_TPE,"{""sampler"":""TPESampler"",""seed"":42,""n_trials"":50,""direction"":""maximize"",""objective"":""composite = Sharpe * (Return% / MaxDD%)""}",1,0.829,"{""lookback"":168,""pivot_window"":9,""min_touches"":4,""tolerance_atr_mult"":1.1,""cluster_atr_mult"":0.4,""confirmation_bars"":2,""cooldown_bars"":6,""retest_window"":31,""cancel_atr_mult"":0.7,""allowshort"":true}",2014-01-01,2024-12-31,2025-01-01,2026-04-20,2014-01-01,2026-04-20,2,1,0,1,0.0,0.0,-595441.0,507.0,,69.2,-595441.0000000001,-595441.0000000001,-59.54,-0.96,-1.07,0.0178,-0.02,3,0,0,0,0.0,0.0,0.0,0.0,,0.0,0.0,0.0,0.0,,,0.0,,5,1,0,1,0.0,0.0,-655658.5,784.0,,69.2,-655658.5000000001,-655658.5000000001,-65.57,-0.67,-0.79,0.0181,-0.02
VKCO,retest_pivot,1D,True,Bayesian_TPE,"{""sampler"":""TPESampler"",""seed"":42,""n_trials"":50,""direction"":""maximize"",""objective"":""composite = Sharpe * (Return% / MaxDD%)""}",2,0.806,"{""lookback"":175,""pivot_window"":12,""min_touches"":4,""tolerance_atr_mult"":0.8500000000000001,""cluster_atr_mult"":0.4,""confirmation_bars"":1,""cooldown_bars"":4,""retest_window"":36,""cancel_atr_mult"":1.7000000000000002,""allowshort"":true}",2014-01-01,2024-12-31,2025-01-01,2026-04-20,2014-01-01,2026-04-20,2,1,0,1,0.0,0.0,-585915.0,497.0,,69.09,-585915.0000000001,-585915.0000000001,-58.59,-0.95,-1.05,0.0176,-0.02,0,0,0,0,0.0,0.0,0.0,0.0,,0.0,0.0,0.0,0.0,,,0.0,,2,1,0,1,0.0,0.0,-643287.5,972.0,,69.09,-643287.5,-643287.5,-64.33,-0.59,-0.78,0.0192,-0.02
VKCO,retest_pivot,1D,True,Bayesian_TPE,"{""sampler"":""TPESampler"",""seed"":42,""n_trials"":50,""direction"":""maximize"",""objective"":""composite = Sharpe * (Return% / MaxDD%)""}",3,0.766,"{""lookback"":184,""pivot_window"":10,""min_touches"":3,""tolerance_atr_mult"":0.45,""cluster_atr_mult"":0.65,""confirmation_bars"":2,""cooldown_bars"":19,""retest_window"":40,""cancel_atr_mult"":0.8,""allowshort"":true}",2014-01-01,2024-12-31,2025-01-01,2026-04-20,2014-01-01,2026-04-20,2,1,0,1,0.0,0.0,-531490.4,340.0,,65.77,-531490.4000000001,-531490.4000000001,-53.15,-0.95,-0.93,0.0154,-0.02,3,1,1,0,100.0,184223.7,0.0,290.0,,30.1,184223.70000000004,184223.70000000004,18.42,0.55,0.8,0.0152,0.03,5,1,0,1,0.0,0.0,-536808.3,781.0,,65.77,-536808.3,-536808.3,-53.68,-0.46,-0.56,0.0178,-0.01
VKCO,retest_pivot,1D,False,Bayesian_TPE,"{""sampler"":""TPESampler"",""seed"":42,""n_trials"":50,""direction"":""maximize"",""objective"":""composite = Sharpe * (Return% / MaxDD%)""}",4,0.762,"{""lookback"":137,""pivot_window"":12,""min_touches"":4,""tolerance_atr_mult"":1.0,""cluster_atr_mult"":0.7,""confirmation_bars"":3,""cooldown_bars"":7,""retest_window"":27,""cancel_atr_mult"":1.9000000000000001,""allowshort"":false}",2014-01-01,2024-12-31,2025-01-01,2026-04-20,2014-01-01,2026-04-20,1,1,0,1,0.0,0.0,-576417.0,503.0,,69.08,-576417.0,-576417.0,-57.64,-0.91,-1.02,0.0177,-0.02,0,0,0,0,0.0,0.0,0.0,0.0,,0.0,0.0,0.0,0.0,,,0.0,,1,1,0,1,0.0,0.0,-635088.5,978.0,,69.08,-635088.4999999999,-635088.4999999999,-63.51,-0.57,-0.76,0.0193,-0.02
VKCO,retest_pivot,1D,True,Bayesian_TPE,"{""sampler"":""TPESampler"",""seed"":42,""n_trials"":50,""direction"":""maximize"",""objective"":""composite = Sharpe * (Return% / MaxDD%)""}",5,0.762,"{""lookback"":132,""pivot_window"":12,""min_touches"":4,""tolerance_atr_mult"":0.95,""cluster_atr_mult"":0.9000000000000001,""confirmation_bars"":3,""cooldown_bars"":4,""retest_window"":25,""cancel_atr_mult"":1.6,""allowshort"":true}",2014-01-01,2024-12-31,2025-01-01,2026-04-20,2014-01-01,2026-04-20,2,1,0,1,0.0,0.0,-576417.0,503.0,,69.08,-576417.0,-576417.0,-57.64,-0.91,-1.02,0.0177,-0.02,0,0,0,0,0.0,0.0,0.0,0.0,,0.0,0.0,0.0,0.0,,,0.0,,2,1,0,1,0.0,0.0,-635088.5,978.0,,69.08,-635088.4999999999,-635088.4999999999,-63.51,-0.57,-0.76,0.0193,-0.02
VKCO,retest_ols,1D,True,Bayesian_TPE,"{""sampler"":""TPESampler"",""seed"":42,""n_trials"":50,""direction"":""maximize"",""objective"":""composite = Sharpe * (Return% / MaxDD%)""}",1,0.93,"{""lookback"":143,""pivot_window"":12,""min_touches"":4,""tolerance_atr_mult"":1.0,""cluster_atr_mult"":0.3,""confirmation_bars"":1,""cooldown_bars"":4,""retest_window"":25,""cancel_atr_mult"":1.9000000000000001,""allowshort"":true}",2014-01-01,2024-12-31,2025-01-01,2026-04-20,2014-01-01,2026-04-20,4,1,0,1,0.0,0.0,-486624.0,388.0,,53.17,-486624.00000000006,-486624.00000000006,-48.66,-1.02,-0.95,0.0129,-0.02,4,0,0,0,0.0,0.0,0.0,0.0,,0.0,0.0,0.0,0.0,,,0.0,,8,1,0,1,0.0,0.0,-486624.0,388.0,,53.17,-486624.00000000006,-486624.00000000006,-48.66,-0.81,-0.61,0.0103,-0.02
VKCO,retest_ols,1D,True,Bayesian_TPE,"{""sampler"":""TPESampler"",""seed"":42,""n_trials"":50,""direction"":""maximize"",""objective"":""composite = Sharpe * (Return% / MaxDD%)""}",2,0.93,"{""lookback"":146,""pivot_window"":12,""min_touches"":4,""tolerance_atr_mult"":1.0,""cluster_atr_mult"":0.3,""confirmation_bars"":1,""cooldown_bars"":4,""retest_window"":24,""cancel_atr_mult"":1.8,""allowshort"":true}",2014-01-01,2024-12-31,2025-01-01,2026-04-20,2014-01-01,2026-04-20,5,1,0,1,0.0,0.0,-486624.0,388.0,,53.17,-486624.00000000006,-486624.00000000006,-48.66,-1.02,-0.95,0.0129,-0.02,3,0,0,0,0.0,0.0,0.0,0.0,,0.0,0.0,0.0,0.0,,,0.0,,8,1,0,1,0.0,0.0,-486624.0,388.0,,53.17,-486624.00000000006,-486624.00000000006,-48.66,-0.81,-0.61,0.0103,-0.02
VKCO,retest_ols,1D,True,Bayesian_TPE,"{""sampler"":""TPESampler"",""seed"":42,""n_trials"":50,""direction"":""maximize"",""objective"":""composite = Sharpe * (Return% / MaxDD%)""}",3,0.894,"{""lookback"":114,""pivot_window"":6,""min_touches"":2,""tolerance_atr_mult"":1.1,""cluster_atr_mult"":0.8500000000000001,""confirmation_bars"":1,""cooldown_bars"":4,""retest_window"":19,""cancel_atr_mult"":1.1,""allowshort"":true}",2014-01-01,2024-12-31,2025-01-01,2026-04-20,2014-01-01,2026-04-20,30,5,3,2,60.0,251982.87,-100758.0,109.0,,41.11,375710.4,-141413.99999999988,55.44,0.66,0.78,0.0185,0.03,22,4,3,1,75.0,172321.9,-17864.0,54.5,,11.02,281973.30000000005,-17864.000000000073,49.91,1.3,1.92,0.013,0.15,52,9,6,3,66.67,264456.22,-76535.2,88.89,,41.11,443382.1000000001,-141413.99999999988,135.71,0.82,1.02,0.0173,0.03
VKCO,retest_ols,1D,True,Bayesian_TPE,"{""sampler"":""TPESampler"",""seed"":42,""n_trials"":50,""direction"":""maximize"",""objective"":""composite = Sharpe * (Return% / MaxDD%)""}",4,0.883,"{""lookback"":102,""pivot_window"":6,""min_touches"":3,""tolerance_atr_mult"":1.0,""cluster_atr_mult"":0.6000000000000001,""confirmation_bars"":2,""cooldown_bars"":13,""retest_window"":10,""cancel_atr_mult"":0.7,""allowshort"":true}",2014-01-01,2024-12-31,2025-01-01,2026-04-20,2014-01-01,2026-04-20,16,6,4,2,66.67,264672.1,-200002.7,103.17,,47.37,412339.1999999999,-205081.7999999998,65.87,0.64,0.68,0.0254,0.03,8,2,1,1,50.0,61113.0,-6269.6,150.0,,31.74,61113.0,-6269.5999999999585,5.48,0.25,0.32,0.0172,0.01,24,7,4,3,57.14,299313.32,-136874.53,137.86,,47.37,412339.1999999999,-205081.7999999998,78.66,0.53,0.61,0.0233,0.03
VKCO,retest_ols,1D,True,Bayesian_TPE,"{""sampler"":""TPESampler"",""seed"":42,""n_trials"":50,""direction"":""maximize"",""objective"":""composite = Sharpe * (Return% / MaxDD%)""}",5,0.849,"{""lookback"":158,""pivot_window"":6,""min_touches"":3,""tolerance_atr_mult"":1.0,""cluster_atr_mult"":0.45,""confirmation_bars"":2,""cooldown_bars"":13,""retest_window"":11,""cancel_atr_mult"":1.7000000000000002,""allowshort"":true}",2014-01-01,2024-12-31,2025-01-01,2026-04-20,2014-01-01,2026-04-20,17,4,3,1,75.0,189984.6,-54218.4,103.5,,40.15,302701.9999999999,-54218.4000000001,51.57,0.66,0.68,0.0172,0.03,8,2,2,0,100.0,77923.6,0.0,120.0,,30.1,94289.60000000003,61557.59999999998,15.58,0.51,0.7,0.0137,0.02,25,6,5,1,83.33,160783.24,-54218.4,115.33,,40.15,302701.9999999999,-54218.4000000001,74.97,0.6,0.69,0.0166,0.02
VKCO,obv,1D,True,Bayesian_TPE,"{""sampler"":""TPESampler"",""seed"":42,""n_trials"":50,""direction"":""maximize"",""objective"":""composite = Sharpe * (Return% / MaxDD%)""}",1,16.221,"{""obv_ema_window"":11,""confirmation_bars"":2,""allowshort"":true}",2014-01-01,2024-12-31,2025-01-01,2026-04-20,2014-01-01,2026-04-20,203,105,42,63,40.0,176579.19,-50790.22,10.58,,35.56,695138.3999999999,-242151.4000000006,421.65,1.37,2.05,0.0322,0.12,128,64,21,43,32.81,32825.25,-23403.37,7.27,,36.68,170336.10000000003,-133920.0,-31.7,-0.55,-0.72,0.0205,-0.03,331,169,63,106,37.28,168621.12,-77529.6,9.38,,39.53,849208.7000000002,-667920.0,240.5,0.82,1.19,0.0287,0.06
VKCO,obv,1D,True,Bayesian_TPE,"{""sampler"":""TPESampler"",""seed"":42,""n_trials"":50,""direction"":""maximize"",""objective"":""composite = Sharpe * (Return% / MaxDD%)""}",2,16.221,"{""obv_ema_window"":11,""confirmation_bars"":2,""allowshort"":true}",2014-01-01,2024-12-31,2025-01-01,2026-04-20,2014-01-01,2026-04-20,203,105,42,63,40.0,176579.19,-50790.22,10.58,,35.56,695138.3999999999,-242151.4000000006,421.65,1.37,2.05,0.0322,0.12,128,64,21,43,32.81,32825.25,-23403.37,7.27,,36.68,170336.10000000003,-133920.0,-31.7,-0.55,-0.72,0.0205,-0.03,331,169,63,106,37.28,168621.12,-77529.6,9.38,,39.53,849208.7000000002,-667920.0,240.5,0.82,1.19,0.0287,0.06
VKCO,obv,1D,True,Bayesian_TPE,"{""sampler"":""TPESampler"",""seed"":42,""n_trials"":50,""direction"":""maximize"",""objective"":""composite = Sharpe * (Return% / MaxDD%)""}",3,15.331,"{""obv_ema_window"":27,""confirmation_bars"":1,""allowshort"":true}",2014-01-01,2024-12-31,2025-01-01,2026-04-20,2014-01-01,2026-04-20,79,79,23,56,29.11,335644.22,-76450.54,14.06,,30.57,1116004.7999999998,-354307.2000000002,343.86,1.36,2.25,0.0284,0.13,43,43,15,28,34.88,42985.48,-25781.7,10.23,,36.83,163723.0,-77827.19999999994,-7.71,-0.01,-0.01,0.0193,-0.0,122,122,38,84,31.15,284624.79,-90336.73,13.0,,37.1,1116004.7999999998,-356505.5999999997,322.75,0.98,1.58,0.0259,0.07
VKCO,obv,1D,True,Bayesian_TPE,"{""sampler"":""TPESampler"",""seed"":42,""n_trials"":50,""direction"":""maximize"",""objective"":""composite = Sharpe * (Return% / MaxDD%)""}",4,14.71,"{""obv_ema_window"":30,""confirmation_bars"":1,""allowshort"":true}",2014-01-01,2024-12-31,2025-01-01,2026-04-20,2014-01-01,2026-04-20,77,77,21,56,27.27,321624.07,-64674.3,14.43,,28.3,1039017.6,-329867.2000000002,313.23,1.33,2.17,0.0277,0.13,41,41,15,26,36.59,44565.67,-24295.45,10.73,,30.36,170167.79999999996,-77827.19999999994,3.68,0.22,0.33,0.0192,0.01,118,118,36,82,30.51,270486.63,-77023.48,13.44,,30.66,1039017.6,-331927.1999999997,342.16,1.01,1.63,0.0254,0.08
VKCO,obv,1D,True,Bayesian_TPE,"{""sampler"":""TPESampler"",""seed"":42,""n_trials"":50,""direction"":""maximize"",""objective"":""composite = Sharpe * (Return% / MaxDD%)""}",5,12.799,"{""obv_ema_window"":17,""confirmation_bars"":2,""allowshort"":true}",2014-01-01,2024-12-31,2025-01-01,2026-04-20,2014-01-01,2026-04-20,163,85,32,52,37.65,210464.42,-67425.24,13.07,,31.23,866303.9999999997,-212098.7999999999,322.87,1.24,1.86,0.0317,0.13,108,57,18,39,31.58,37113.56,-22070.26,7.72,,34.47,157896.89999999994,-109942.20000000011,-19.27,-0.28,-0.39,0.0191,-0.02,271,142,50,91,35.21,195719.2,-79811.54,11.17,,34.48,1001663.9999999997,-479907.90000000055,252.31,0.84,1.26,0.0282,0.07
VKCO,vwap,1D,True,Bayesian_TPE,"{""sampler"":""TPESampler"",""seed"":42,""n_trials"":50,""direction"":""maximize"",""objective"":""composite = Sharpe * (Return% / MaxDD%)""}",1,1.937,"{""vwap_window"":112,""vwap_tol"":0.003,""vwap_mode"":""yearly"",""allowshort"":true}",2014-01-01,2024-12-31,2025-01-01,2026-04-20,2014-01-01,2026-04-20,42,28,7,21,25.0,229384.89,-30271.85,39.68,,42.12,675013.2,-72240.0,97.0,0.84,1.22,0.0221,0.04,26,17,6,11,35.29,41307.27,-33691.86,27.53,,31.21,100776.49999999994,-50676.600000000035,-12.28,-0.13,-0.2,0.0183,-0.01,68,44,13,31,29.55,162660.71,-42332.42,36.05,,42.12,674616.5999999999,-104112.20000000008,80.23,0.56,0.82,0.0208,0.03
VKCO,vwap,1D,True,Bayesian_TPE,"{""sampler"":""TPESampler"",""seed"":42,""n_trials"":50,""direction"":""maximize"",""objective"":""composite = Sharpe * (Return% / MaxDD%)""}",2,1.937,"{""vwap_window"":108,""vwap_tol"":0.003,""vwap_mode"":""yearly"",""allowshort"":true}",2014-01-01,2024-12-31,2025-01-01,2026-04-20,2014-01-01,2026-04-20,42,28,7,21,25.0,229384.89,-30271.85,39.68,,42.12,675013.2,-72240.0,97.0,0.84,1.22,0.0221,0.04,26,17,6,11,35.29,41307.27,-33691.86,27.53,,31.21,100776.49999999994,-50676.600000000035,-12.28,-0.13,-0.2,0.0183,-0.01,68,44,13,31,29.55,162660.71,-42332.42,36.05,,42.12,674616.5999999999,-104112.20000000008,80.23,0.56,0.82,0.0208,0.03
VKCO,vwap,1D,True,Bayesian_TPE,"{""sampler"":""TPESampler"",""seed"":42,""n_trials"":50,""direction"":""maximize"",""objective"":""composite = Sharpe * (Return% / MaxDD%)""}",3,1.937,"{""vwap_window"":121,""vwap_tol"":0.003,""vwap_mode"":""yearly"",""allowshort"":true}",2014-01-01,2024-12-31,2025-01-01,2026-04-20,2014-01-01,2026-04-20,42,28,7,21,25.0,229384.89,-30271.85,39.68,,42.12,675013.2,-72240.0,97.0,0.84,1.22,0.0221,0.04,26,17,6,11,35.29,41307.27,-33691.86,27.53,,31.21,100776.49999999994,-50676.600000000035,-12.28,-0.13,-0.2,0.0183,-0.01,68,44,13,31,29.55,162660.71,-42332.42,36.05,,42.12,674616.5999999999,-104112.20000000008,80.23,0.56,0.82,0.0208,0.03
VKCO,vwap,1D,True,Bayesian_TPE,"{""sampler"":""TPESampler"",""seed"":42,""n_trials"":50,""direction"":""maximize"",""objective"":""composite = Sharpe * (Return% / MaxDD%)""}",4,1.937,"{""vwap_window"":59,""vwap_tol"":0.003,""vwap_mode"":""yearly"",""allowshort"":true}",2014-01-01,2024-12-31,2025-01-01,2026-04-20,2014-01-01,2026-04-20,42,28,7,21,25.0,229384.89,-30271.85,39.68,,42.12,675013.2,-72240.0,97.0,0.84,1.22,0.0221,0.04,26,17,6,11,35.29,41307.27,-33691.86,27.53,,31.21,100776.49999999994,-50676.600000000035,-12.28,-0.13,-0.2,0.0183,-0.01,68,44,13,31,29.55,162660.71,-42332.42,36.05,,42.12,674616.5999999999,-104112.20000000008,80.23,0.56,0.82,0.0208,0.03
VKCO,vwap,1D,True,Bayesian_TPE,"{""sampler"":""TPESampler"",""seed"":42,""n_trials"":50,""direction"":""maximize"",""objective"":""composite = Sharpe * (Return% / MaxDD%)""}",5,1.937,"{""vwap_window"":52,""vwap_tol"":0.003,""vwap_mode"":""yearly"",""allowshort"":true}",2014-01-01,2024-12-31,2025-01-01,2026-04-20,2014-01-01,2026-04-20,42,28,7,21,25.0,229384.89,-30271.85,39.68,,42.12,675013.2,-72240.0,97.0,0.84,1.22,0.0221,0.04,26,17,6,11,35.29,41307.27,-33691.86,27.53,,31.21,100776.49999999994,-50676.600000000035,-12.28,-0.13,-0.2,0.0183,-0.01,68,44,13,31,29.55,162660.71,-42332.42,36.05,,42.12,674616.5999999999,-104112.20000000008,80.23,0.56,0.82,0.0208,0.03
VKCO,engulfing,1D,True,Bayesian_TPE,"{""sampler"":""TPESampler"",""seed"":42,""n_trials"":50,""direction"":""maximize"",""objective"":""composite = Sharpe * (Return% / MaxDD%)""}",1,1.258,"{""doji_tol"":0.09,""wick_body_ratio"":3.4000000000000004,""allowshort"":true}",2014-01-01,2024-12-31,2025-01-01,2026-04-20,2014-01-01,2026-04-20,92,38,15,23,39.47,193929.37,-82076.62,29.18,,56.81,651996.7999999999,-385658.3999999998,102.12,0.7,1.08,0.0366,0.05,66,35,15,20,42.86,84186.96,-39185.76,13.29,,19.5,292871.69999999995,-139276.79999999987,47.91,0.88,1.3,0.0212,0.1,158,73,30,43,41.1,178297.02,-81192.71,21.7,,56.81,651996.7999999999,-385658.3999999998,185.76,0.7,1.07,0.0319,0.04
VKCO,engulfing,1D,True,Bayesian_TPE,"{""sampler"":""TPESampler"",""seed"":42,""n_trials"":50,""direction"":""maximize"",""objective"":""composite = Sharpe * (Return% / MaxDD%)""}",2,1.258,"{""doji_tol"":0.15,""wick_body_ratio"":1.5,""allowshort"":true}",2014-01-01,2024-12-31,2025-01-01,2026-04-20,2014-01-01,2026-04-20,92,38,15,23,39.47,193929.37,-82076.62,29.18,,56.81,651996.7999999999,-385658.3999999998,102.12,0.7,1.08,0.0366,0.05,66,35,15,20,42.86,84186.96,-39185.76,13.29,,19.5,292871.69999999995,-139276.79999999987,47.91,0.88,1.3,0.0212,0.1,158,73,30,43,41.1,178297.02,-81192.71,21.7,,56.81,651996.7999999999,-385658.3999999998,185.76,0.7,1.07,0.0319,0.04
VKCO,engulfing,1D,True,Bayesian_TPE,"{""sampler"":""TPESampler"",""seed"":42,""n_trials"":50,""direction"":""maximize"",""objective"":""composite = Sharpe * (Return% / MaxDD%)""}",3,1.258,"{""doji_tol"":0.18,""wick_body_ratio"":3.3,""allowshort"":true}",2014-01-01,2024-12-31,2025-01-01,2026-04-20,2014-01-01,2026-04-20,92,38,15,23,39.47,193929.37,-82076.62,29.18,,56.81,651996.7999999999,-385658.3999999998,102.12,0.7,1.08,0.0366,0.05,66,35,15,20,42.86,84186.96,-39185.76,13.29,,19.5,292871.69999999995,-139276.79999999987,47.91,0.88,1.3,0.0212,0.1,158,73,30,43,41.1,178297.02,-81192.71,21.7,,56.81,651996.7999999999,-385658.3999999998,185.76,0.7,1.07,0.0319,0.04
VKCO,engulfing,1D,True,Bayesian_TPE,"{""sampler"":""TPESampler"",""seed"":42,""n_trials"":50,""direction"":""maximize"",""objective"":""composite = Sharpe * (Return% / MaxDD%)""}",4,1.258,"{""doji_tol"":0.08,""wick_body_ratio"":2.6,""allowshort"":true}",2014-01-01,2024-12-31,2025-01-01,2026-04-20,2014-01-01,2026-04-20,92,38,15,23,39.47,193929.37,-82076.62,29.18,,56.81,651996.7999999999,-385658.3999999998,102.12,0.7,1.08,0.0366,0.05,66,35,15,20,42.86,84186.96,-39185.76,13.29,,19.5,292871.69999999995,-139276.79999999987,47.91,0.88,1.3,0.0212,0.1,158,73,30,43,41.1,178297.02,-81192.71,21.7,,56.81,651996.7999999999,-385658.3999999998,185.76,0.7,1.07,0.0319,0.04
VKCO,engulfing,1D,True,Bayesian_TPE,"{""sampler"":""TPESampler"",""seed"":42,""n_trials"":50,""direction"":""maximize"",""objective"":""composite = Sharpe * (Return% / MaxDD%)""}",5,1.258,"{""doji_tol"":0.14,""wick_body_ratio"":2.0,""allowshort"":true}",2014-01-01,2024-12-31,2025-01-01,2026-04-20,2014-01-01,2026-04-20,92,38,15,23,39.47,193929.37,-82076.62,29.18,,56.81,651996.7999999999,-385658.3999999998,102.12,0.7,1.08,0.0366,0.05,66,35,15,20,42.86,84186.96,-39185.76,13.29,,19.5,292871.69999999995,-139276.79999999987,47.91,0.88,1.3,0.0212,0.1,158,73,30,43,41.1,178297.02,-81192.71,21.7,,56.81,651996.7999999999,-385658.3999999998,185.76,0.7,1.07,0.0319,0.04
VKCO,hammerdoji,1D,True,Bayesian_TPE,"{""sampler"":""TPESampler"",""seed"":42,""n_trials"":50,""direction"":""maximize"",""objective"":""composite = Sharpe * (Return% / MaxDD%)""}",1,23.876,"{""doji_tol"":0.11,""wick_body_ratio"":1.9,""allowshort"":true}",2014-01-01,2024-12-31,2025-01-01,2026-04-20,2014-01-01,2026-04-20,128,58,35,22,60.34,280226.73,-95053.56,19.14,,53.07,2081489.199999999,-369680.8000000001,771.68,1.64,2.3,0.0344,0.11,61,27,13,13,48.15,36243.34,-61418.94,17.33,,49.01,124579.40000000013,-252120.6,-32.73,-0.54,-0.77,0.0214,-0.02,189,84,47,35,55.95,285421.29,-250857.78,18.87,,53.07,2784619.6,-2112167.6999999997,463.48,1.03,1.46,0.0304,0.06
VKCO,hammerdoji,1D,True,Bayesian_TPE,"{""sampler"":""TPESampler"",""seed"":42,""n_trials"":50,""direction"":""maximize"",""objective"":""composite = Sharpe * (Return% / MaxDD%)""}",2,23.035,"{""doji_tol"":0.11,""wick_body_ratio"":2.0,""allowshort"":true}",2014-01-01,2024-12-31,2025-01-01,2026-04-20,2014-01-01,2026-04-20,123,56,34,21,60.71,282215.31,-99123.9,19.82,,53.07,2032999.199999999,-369680.8000000001,751.37,1.63,2.28,0.0344,0.11,58,23,10,12,43.48,35196.45,-66846.15,20.35,,58.32,124579.40000000013,-264957.00000000006,-45.02,-0.9,-1.3,0.0215,-0.03,181,78,43,33,55.13,282379.39,-261977.13,20.32,,58.34,2719749.6,-2168296.2000000007,349.71,0.93,1.32,0.0304,0.05
VKCO,hammerdoji,1D,True,Bayesian_TPE,"{""sampler"":""TPESampler"",""seed"":42,""n_trials"":50,""direction"":""maximize"",""objective"":""composite = Sharpe * (Return% / MaxDD%)""}",3,7.682,"{""doji_tol"":0.11,""wick_body_ratio"":2.7,""allowshort"":true}",2014-01-01,2024-12-31,2025-01-01,2026-04-20,2014-01-01,2026-04-20,97,33,21,11,63.64,257752.23,-166912.91,33.39,,57.64,1092889.9999999995,-486973.7999999999,357.68,1.24,1.73,0.0342,0.07,44,19,8,10,42.11,34313.13,-69140.36,24.63,,55.87,124579.40000000013,-252191.7,-41.69,-0.8,-1.13,0.0214,-0.03,141,51,28,21,54.9,230049.25,-232239.87,30.92,,57.64,1462070.0000000002,-1109160.0,156.43,0.67,0.95,0.0303,0.04
VKCO,hammerdoji,1D,True,Bayesian_TPE,"{""sampler"":""TPESampler"",""seed"":42,""n_trials"":50,""direction"":""maximize"",""objective"":""composite = Sharpe * (Return% / MaxDD%)""}",4,6.696,"{""doji_tol"":0.11,""wick_body_ratio"":3.1,""allowshort"":true}",2014-01-01,2024-12-31,2025-01-01,2026-04-20,2014-01-01,2026-04-20,92,31,18,12,58.06,273543.12,-140052.75,35.55,,57.64,1013217.1999999996,-451477.79999999993,324.31,1.19,1.66,0.0342,0.07,41,19,8,10,42.11,35897.73,-58716.69,24.63,,47.33,124579.40000000013,-252191.7,-30.0,-0.44,-0.61,0.0223,-0.02,133,49,25,22,51.02,237162.84,-185219.14,32.18,,57.64,1355483.6,-1028248.2,185.43,0.72,1.01,0.0305,0.04
VKCO,hammerdoji,1D,True,Bayesian_TPE,"{""sampler"":""TPESampler"",""seed"":42,""n_trials"":50,""direction"":""maximize"",""objective"":""composite = Sharpe * (Return% / MaxDD%)""}",5,6.696,"{""doji_tol"":0.11,""wick_body_ratio"":3.1,""allowshort"":true}",2014-01-01,2024-12-31,2025-01-01,2026-04-20,2014-01-01,2026-04-20,92,31,18,12,58.06,273543.12,-140052.75,35.55,,57.64,1013217.1999999996,-451477.79999999993,324.31,1.19,1.66,0.0342,0.07,41,19,8,10,42.11,35897.73,-58716.69,24.63,,47.33,124579.40000000013,-252191.7,-30.0,-0.44,-0.61,0.0223,-0.02,133,49,25,22,51.02,237162.84,-185219.14,32.18,,57.64,1355483.6,-1028248.2,185.43,0.72,1.01,0.0305,0.04
VKCO,harami,1D,True,Bayesian_TPE,"{""sampler"":""TPESampler"",""seed"":42,""n_trials"":50,""direction"":""maximize"",""objective"":""composite = Sharpe * (Return% / MaxDD%)""}",1,0.169,"{""doji_tol"":0.09,""wick_body_ratio"":3.4000000000000004,""allowshort"":true}",2014-01-01,2024-12-31,2025-01-01,2026-04-20,2014-01-01,2026-04-20,7,1,0,1,0.0,0.0,-661788.2,1105.0,,74.24,-661788.2000000001,-661788.2000000001,-66.18,-0.19,-0.29,0.0452,-0.01,4,1,0,1,0.0,0.0,-194779.2,426.0,,31.75,-194779.1999999999,-194779.1999999999,-19.48,-0.26,-0.39,0.02,-0.02,11,1,0,1,0.0,0.0,-708595.5,1580.0,,74.24,-708595.5,-708595.5,-70.86,-0.16,-0.24,0.0384,-0.01
VKCO,harami,1D,True,Bayesian_TPE,"{""sampler"":""TPESampler"",""seed"":42,""n_trials"":50,""direction"":""maximize"",""objective"":""composite = Sharpe * (Return% / MaxDD%)""}",2,0.169,"{""doji_tol"":0.18,""wick_body_ratio"":2.0,""allowshort"":true}",2014-01-01,2024-12-31,2025-01-01,2026-04-20,2014-01-01,2026-04-20,7,1,0,1,0.0,0.0,-661788.2,1105.0,,74.24,-661788.2000000001,-661788.2000000001,-66.18,-0.19,-0.29,0.0452,-0.01,4,1,0,1,0.0,0.0,-194779.2,426.0,,31.75,-194779.1999999999,-194779.1999999999,-19.48,-0.26,-0.39,0.02,-0.02,11,1,0,1,0.0,0.0,-708595.5,1580.0,,74.24,-708595.5,-708595.5,-70.86,-0.16,-0.24,0.0384,-0.01
VKCO,harami,1D,False,Bayesian_TPE,"{""sampler"":""TPESampler"",""seed"":42,""n_trials"":50,""direction"":""maximize"",""objective"":""composite = Sharpe * (Return% / MaxDD%)""}",3,0.169,"{""doji_tol"":0.09,""wick_body_ratio"":2.9000000000000004,""allowshort"":false}",2014-01-01,2024-12-31,2025-01-01,2026-04-20,2014-01-01,2026-04-20,7,1,0,1,0.0,0.0,-661788.2,1105.0,,74.24,-661788.2000000001,-661788.2000000001,-66.18,-0.19,-0.29,0.0452,-0.01,4,1,0,1,0.0,0.0,-194779.2,426.0,,31.75,-194779.1999999999,-194779.1999999999,-19.48,-0.26,-0.39,0.02,-0.02,11,1,0,1,0.0,0.0,-708595.5,1580.0,,74.24,-708595.5,-708595.5,-70.86,-0.16,-0.24,0.0384,-0.01
VKCO,harami,1D,True,Bayesian_TPE,"{""sampler"":""TPESampler"",""seed"":42,""n_trials"":50,""direction"":""maximize"",""objective"":""composite = Sharpe * (Return% / MaxDD%)""}",4,0.169,"{""doji_tol"":0.11,""wick_body_ratio"":2.7,""allowshort"":true}",2014-01-01,2024-12-31,2025-01-01,2026-04-20,2014-01-01,2026-04-20,7,1,0,1,0.0,0.0,-661788.2,1105.0,,74.24,-661788.2000000001,-661788.2000000001,-66.18,-0.19,-0.29,0.0452,-0.01,4,1,0,1,0.0,0.0,-194779.2,426.0,,31.75,-194779.1999999999,-194779.1999999999,-19.48,-0.26,-0.39,0.02,-0.02,11,1,0,1,0.0,0.0,-708595.5,1580.0,,74.24,-708595.5,-708595.5,-70.86,-0.16,-0.24,0.0384,-0.01
VKCO,harami,1D,False,Bayesian_TPE,"{""sampler"":""TPESampler"",""seed"":42,""n_trials"":50,""direction"":""maximize"",""objective"":""composite = Sharpe * (Return% / MaxDD%)""}",5,0.169,"{""doji_tol"":0.18,""wick_body_ratio"":1.8,""allowshort"":false}",2014-01-01,2024-12-31,2025-01-01,2026-04-20,2014-01-01,2026-04-20,7,1,0,1,0.0,0.0,-661788.2,1105.0,,74.24,-661788.2000000001,-661788.2000000001,-66.18,-0.19,-0.29,0.0452,-0.01,4,1,0,1,0.0,0.0,-194779.2,426.0,,31.75,-194779.1999999999,-194779.1999999999,-19.48,-0.26,-0.39,0.02,-0.02,11,1,0,1,0.0,0.0,-708595.5,1580.0,,74.24,-708595.5,-708595.5,-70.86,-0.16,-0.24,0.0384,-0.01
VKCO,candle_ensemble,1D,True,Bayesian_TPE,"{""sampler"":""TPESampler"",""seed"":42,""n_trials"":50,""direction"":""maximize"",""objective"":""composite = Sharpe * (Return% / MaxDD%)""}",1,10.437,"{""ensemble_window"":9,""min_votes"":3,""doji_tol"":0.03,""wick_body_ratio"":2.7,""allowshort"":true}",2014-01-01,2024-12-31,2025-01-01,2026-04-20,2014-01-01,2026-04-20,27,10,8,2,80.0,380199.2,-24187.8,109.8,,39.98,960990.8,-46723.60000000022,299.32,1.39,1.68,0.0253,0.09,9,4,2,2,50.0,134192.8,-33958.85,86.75,,20.05,134366.39999999997,-58995.699999999975,20.05,0.58,0.71,0.0151,0.04,36,14,9,5,64.29,413920.07,-159692.88,112.36,,39.98,960990.8,-527896.5999999997,292.68,0.99,1.26,0.0238,0.06
VKCO,candle_ensemble,1D,True,Bayesian_TPE,"{""sampler"":""TPESampler"",""seed"":42,""n_trials"":50,""direction"":""maximize"",""objective"":""composite = Sharpe * (Return% / MaxDD%)""}",2,9.073,"{""ensemble_window"":10,""min_votes"":2,""doji_tol"":0.03,""wick_body_ratio"":2.0,""allowshort"":true}",2014-01-01,2024-12-31,2025-01-01,2026-04-20,2014-01-01,2026-04-20,59,30,17,13,56.67,302062.53,-164145.8,36.97,,39.76,999900.0,-452448.0,300.12,1.2,1.91,0.0315,0.1,36,20,9,11,45.0,83207.89,-40180.44,22.15,,20.36,201074.39999999997,-111959.09999999996,30.69,0.69,0.99,0.0192,0.06,95,50,27,23,54.0,315002.75,-169453.19,31.68,,39.76,999900.0,-480499.19999999984,460.77,1.07,1.69,0.028,0.08
VKCO,candle_ensemble,1D,True,Bayesian_TPE,"{""sampler"":""TPESampler"",""seed"":42,""n_trials"":50,""direction"":""maximize"",""objective"":""composite = Sharpe * (Return% / MaxDD%)""}",3,8.979,"{""ensemble_window"":8,""min_votes"":3,""doji_tol"":0.03,""wick_body_ratio"":3.0,""allowshort"":true}",2014-01-01,2024-12-31,2025-01-01,2026-04-20,2014-01-01,2026-04-20,16,6,6,0,100.0,443161.93,0.0,183.0,,39.98,1200739.2,36139.99999999992,265.9,1.35,1.63,0.0245,0.08,7,2,1,1,50.0,1105.2,-7384.0,156.5,,35.93,1105.1999999998325,-7384.0,-0.63,0.13,0.13,0.0175,0.01,23,8,6,2,75.0,414077.13,-162822.8,196.62,,47.54,1200739.2,-302169.60000000015,215.88,0.86,1.09,0.0241,0.04
VKCO,candle_ensemble,1D,True,Bayesian_TPE,"{""sampler"":""TPESampler"",""seed"":42,""n_trials"":50,""direction"":""maximize"",""objective"":""composite = Sharpe * (Return% / MaxDD%)""}",4,8.979,"{""ensemble_window"":8,""min_votes"":3,""doji_tol"":0.03,""wick_body_ratio"":3.1,""allowshort"":true}",2014-01-01,2024-12-31,2025-01-01,2026-04-20,2014-01-01,2026-04-20,16,6,6,0,100.0,443161.93,0.0,183.0,,39.98,1200739.2,36139.99999999992,265.9,1.35,1.63,0.0245,0.08,7,2,1,1,50.0,1105.2,-7384.0,156.5,,35.93,1105.1999999998325,-7384.0,-0.63,0.13,0.13,0.0175,0.01,23,8,6,2,75.0,414077.13,-162822.8,196.62,,47.54,1200739.2,-302169.60000000015,215.88,0.86,1.09,0.0241,0.04
VKCO,candle_ensemble,1D,True,Bayesian_TPE,"{""sampler"":""TPESampler"",""seed"":42,""n_trials"":50,""direction"":""maximize"",""objective"":""composite = Sharpe * (Return% / MaxDD%)""}",5,8.979,"{""ensemble_window"":8,""min_votes"":3,""doji_tol"":0.03,""wick_body_ratio"":3.2,""allowshort"":true}",2014-01-01,2024-12-31,2025-01-01,2026-04-20,2014-01-01,2026-04-20,15,6,6,0,100.0,443161.93,0.0,183.0,,39.98,1200739.2,36139.99999999992,265.9,1.35,1.63,0.0245,0.08,7,2,1,1,50.0,1105.2,-7384.0,156.5,,35.93,1105.1999999998325,-7384.0,-0.63,0.13,0.13,0.0175,0.01,22,8,6,2,75.0,414077.13,-162822.8,196.62,,47.54,1200739.2,-302169.60000000015,215.88,0.86,1.09,0.0241,0.04
LKOH,ema,1D,False,Bayesian_TPE,"{""sampler"":""TPESampler"",""seed"":42,""n_trials"":50,""direction"":""maximize"",""objective"":""composite = Sharpe * (Return% / MaxDD%)""}",1,2.018,"{""short_ema"":34,""long_ema"":103,""allowshort"":false}",2014-01-01,2024-12-31,2025-01-01,2026-04-20,2014-01-01,2026-04-20,24,12,5,7,41.67,511392.92,-152437.29,209.17,,37.06,930006.0,-314820.0,148.99,0.5,0.52,0.0133,0.02,6,3,0,3,0.0,0.0,-65740.5,42.0,,27.55,-51376.5,-90592.5,-19.72,-1.12,-0.82,0.0072,-0.03,30,15,5,10,33.33,511392.92,-155838.0,175.73,,37.06,930006.0,-314820.0,99.86,0.38,0.37,0.0127,0.01
LKOH,ema,1D,False,Bayesian_TPE,"{""sampler"":""TPESampler"",""seed"":42,""n_trials"":50,""direction"":""maximize"",""objective"":""composite = Sharpe * (Return% / MaxDD%)""}",2,1.986,"{""short_ema"":33,""long_ema"":105,""allowshort"":false}",2014-01-01,2024-12-31,2025-01-01,2026-04-20,2014-01-01,2026-04-20,24,12,5,7,41.67,509692.26,-153275.16,209.5,,37.07,924924.0,-312840.0,147.55,0.5,0.51,0.0133,0.02,8,4,0,4,0.0,0.0,-55321.5,31.5,,29.09,-15873.0,-90592.5,-22.13,-1.3,-0.94,0.0071,-0.03,32,16,5,11,31.25,509692.26,-147390.6,165.0,,37.07,924924.0,-312840.0,92.72,0.36,0.36,0.0127,0.01
LKOH,ema,1D,False,Bayesian_TPE,"{""sampler"":""TPESampler"",""seed"":42,""n_trials"":50,""direction"":""maximize"",""objective"":""composite = Sharpe * (Return% / MaxDD%)""}",3,1.923,"{""short_ema"":13,""long_ema"":101,""allowshort"":false}",2014-01-01,2024-12-31,2025-01-01,2026-04-20,2014-01-01,2026-04-20,37,19,6,11,31.58,514791.58,-137178.87,135.37,,43.13,1118936.0,-418594.0,157.98,0.53,0.58,0.0129,0.02,7,3,0,3,0.0,0.0,-55725.5,22.67,,19.19,-44795.0,-71638.5,-16.72,-1.21,-0.43,0.0056,-0.04,44,22,6,15,27.27,514791.58,-136986.74,124.09,,43.13,1118936.0,-418594.0,103.39,0.39,0.4,0.0124,0.01
LKOH,ema,1D,False,Bayesian_TPE,"{""sampler"":""TPESampler"",""seed"":42,""n_trials"":50,""direction"":""maximize"",""objective"":""composite = Sharpe * (Return% / MaxDD%)""}",4,1.699,"{""short_ema"":6,""long_ema"":109,""allowshort"":false}",2014-01-01,2024-12-31,2025-01-01,2026-04-20,2014-01-01,2026-04-20,55,28,8,20,28.57,370384.19,-73435.49,92.36,,44.87,1101240.0,-330012.0,149.44,0.51,0.56,0.0129,0.01,17,8,0,8,0.0,0.0,-30034.38,9.0,,24.76,-3532.5,-65560.0,-24.03,-1.75,-0.69,0.0059,-0.04,72,36,8,28,22.22,360859.69,-73211.37,76.31,,44.87,1101240.0,-330012.0,83.7,0.34,0.36,0.0124,0.01
LKOH,ema,1D,False,Bayesian_TPE,"{""sampler"":""TPESampler"",""seed"":42,""n_trials"":50,""direction"":""maximize"",""objective"":""composite = Sharpe * (Return% / MaxDD%)""}",5,1.639,"{""short_ema"":14,""long_ema"":97,""allowshort"":false}",2014-01-01,2024-12-31,2025-01-01,2026-04-20,2014-01-01,2026-04-20,41,21,6,13,28.57,492605.25,-117869.67,122.52,,43.16,1050672.0,-394108.0,142.33,0.5,0.54,0.0129,0.01,7,3,0,3,0.0,0.0,-55779.83,23.33,,19.21,-44795.0,-71801.5,-16.73,-1.21,-0.43,0.0056,-0.04,48,24,6,17,25.0,492605.25,-120288.07,113.88,,43.16,1050672.0,-394108.0,91.07,0.36,0.38,0.0124,0.01
LKOH,rsi,1D,False,Bayesian_TPE,"{""sampler"":""TPESampler"",""seed"":42,""n_trials"":50,""direction"":""maximize"",""objective"":""composite = Sharpe * (Return% / MaxDD%)""}",1,3.737,"{""rsi_lower"":45,""rsi_upper"":79,""rsi_window"":12,""allowshort"":false}",2014-01-01,2024-12-31,2025-01-01,2026-04-20,2014-01-01,2026-04-20,171,12,9,3,75.0,521603.2,-481593.83,298.58,,52.43,1227903.0,-629845.0,324.96,0.6,0.74,0.0183,0.02,19,1,0,1,0.0,0.0,-273780.0,411.0,,33.84,-273780.0,-273780.0,-27.38,-0.71,-0.9,0.0148,-0.03,190,12,9,3,75.0,521603.2,-847490.5,338.17,,52.43,1227903.0,-1461336.5,215.2,0.46,0.58,0.0179,0.02
LKOH,rsi,1D,False,Bayesian_TPE,"{""sampler"":""TPESampler"",""seed"":42,""n_trials"":50,""direction"":""maximize"",""objective"":""composite = Sharpe * (Return% / MaxDD%)""}",2,3.737,"{""rsi_lower"":45,""rsi_upper"":79,""rsi_window"":12,""allowshort"":false}",2014-01-01,2024-12-31,2025-01-01,2026-04-20,2014-01-01,2026-04-20,171,12,9,3,75.0,521603.2,-481593.83,298.58,,52.43,1227903.0,-629845.0,324.96,0.6,0.74,0.0183,0.02,19,1,0,1,0.0,0.0,-273780.0,411.0,,33.84,-273780.0,-273780.0,-27.38,-0.71,-0.9,0.0148,-0.03,190,12,9,3,75.0,521603.2,-847490.5,338.17,,52.43,1227903.0,-1461336.5,215.2,0.46,0.58,0.0179,0.02
LKOH,rsi,1D,False,Bayesian_TPE,"{""sampler"":""TPESampler"",""seed"":42,""n_trials"":50,""direction"":""maximize"",""objective"":""composite = Sharpe * (Return% / MaxDD%)""}",3,3.202,"{""rsi_lower"":45,""rsi_upper"":79,""rsi_window"":13,""allowshort"":false}",2014-01-01,2024-12-31,2025-01-01,2026-04-20,2014-01-01,2026-04-20,159,11,8,3,72.73,549950.47,-500162.67,318.64,,52.43,1447068.0,-679988.0,289.91,0.58,0.7,0.018,0.02,19,1,0,1,0.0,0.0,-273780.0,411.0,,33.84,-273780.0,-273780.0,-27.38,-0.71,-0.9,0.0148,-0.03,178,11,8,3,72.73,549950.47,-835516.0,361.82,,52.43,1447068.0,-1339351.0,189.31,0.44,0.55,0.0177,0.01
LKOH,rsi,1D,False,Bayesian_TPE,"{""sampler"":""TPESampler"",""seed"":42,""n_trials"":50,""direction"":""maximize"",""objective"":""composite = Sharpe * (Return% / MaxDD%)""}",4,2.992,"{""rsi_lower"":28,""rsi_upper"":87,""rsi_window"":17,""allowshort"":false}",2014-01-01,2024-12-31,2025-01-01,2026-04-20,2014-01-01,2026-04-20,10,1,1,0,100.0,2806367.8,0.0,3954.0,,52.43,2806367.8000000003,2806367.8000000003,280.64,0.56,0.72,0.0189,0.02,1,1,0,1,0.0,0.0,-95424.0,279.0,,26.19,-95424.0,-95424.0,-9.54,-0.21,-0.22,0.0123,-0.01,11,1,1,0,100.0,1822747.8,0.0,4429.0,,52.43,1822747.8,1822747.8,182.27,0.43,0.56,0.0185,0.02
LKOH,rsi,1D,False,Bayesian_TPE,"{""sampler"":""TPESampler"",""seed"":42,""n_trials"":50,""direction"":""maximize"",""objective"":""composite = Sharpe * (Return% / MaxDD%)""}",5,2.992,"{""rsi_lower"":28,""rsi_upper"":87,""rsi_window"":17,""allowshort"":false}",2014-01-01,2024-12-31,2025-01-01,2026-04-20,2014-01-01,2026-04-20,10,1,1,0,100.0,2806367.8,0.0,3954.0,,52.43,2806367.8000000003,2806367.8000000003,280.64,0.56,0.72,0.0189,0.02,1,1,0,1,0.0,0.0,-95424.0,279.0,,26.19,-95424.0,-95424.0,-9.54,-0.21,-0.22,0.0123,-0.01,11,1,1,0,100.0,1822747.8,0.0,4429.0,,52.43,1822747.8,1822747.8,182.27,0.43,0.56,0.0185,0.02
LKOH,macd,1D,False,Bayesian_TPE,"{""sampler"":""TPESampler"",""seed"":42,""n_trials"":50,""direction"":""maximize"",""objective"":""composite = Sharpe * (Return% / MaxDD%)""}",1,1.407,"{""macd_fast"":15,""macd_slow"":47,""macd_signal"":7,""allowshort"":false}",2014-01-01,2024-12-31,2025-01-01,2026-04-20,2014-01-01,2026-04-20,209,105,45,60,42.86,82772.78,-44226.47,19.69,,34.03,240768.0,-328848.0,107.12,0.45,0.48,0.0119,0.02,25,12,3,9,25.0,39181.0,-24978.89,17.75,,21.17,75517.0,-58512.0,-10.73,-0.38,-0.3,0.0096,-0.02,234,117,48,69,41.03,82179.73,-45151.73,19.74,,34.03,240768.0,-328848.0,82.92,0.35,0.37,0.0116,0.01
LKOH,macd,1D,False,Bayesian_TPE,"{""sampler"":""TPESampler"",""seed"":42,""n_trials"":50,""direction"":""maximize"",""objective"":""composite = Sharpe * (Return% / MaxDD%)""}",2,1.257,"{""macd_fast"":20,""macd_slow"":41,""macd_signal"":8,""allowshort"":false}",2014-01-01,2024-12-31,2025-01-01,2026-04-20,2014-01-01,2026-04-20,175,88,38,50,43.18,85016.5,-44284.07,23.22,,35.01,344980.5,-321470.0,101.64,0.43,0.47,0.0119,0.01,23,11,2,9,18.18,42364.0,-31619.11,19.73,,28.8,61320.0,-89298.0,-19.98,-0.82,-0.65,0.0095,-0.03,198,99,40,59,40.4,84561.68,-47188.33,23.15,,35.01,344980.5,-321470.0,59.84,0.29,0.31,0.0117,0.01
LKOH,macd,1D,False,Bayesian_TPE,"{""sampler"":""TPESampler"",""seed"":42,""n_trials"":50,""direction"":""maximize"",""objective"":""composite = Sharpe * (Return% / MaxDD%)""}",3,1.257,"{""macd_fast"":20,""macd_slow"":41,""macd_signal"":8,""allowshort"":false}",2014-01-01,2024-12-31,2025-01-01,2026-04-20,2014-01-01,2026-04-20,175,88,38,50,43.18,85016.5,-44284.07,23.22,,35.01,344980.5,-321470.0,101.64,0.43,0.47,0.0119,0.01,23,11,2,9,18.18,42364.0,-31619.11,19.73,,28.8,61320.0,-89298.0,-19.98,-0.82,-0.65,0.0095,-0.03,198,99,40,59,40.4,84561.68,-47188.33,23.15,,35.01,344980.5,-321470.0,59.84,0.29,0.31,0.0117,0.01
LKOH,macd,1D,False,Bayesian_TPE,"{""sampler"":""TPESampler"",""seed"":42,""n_trials"":50,""direction"":""maximize"",""objective"":""composite = Sharpe * (Return% / MaxDD%)""}",4,1.223,"{""macd_fast"":20,""macd_slow"":48,""macd_signal"":9,""allowshort"":false}",2014-01-01,2024-12-31,2025-01-01,2026-04-20,2014-01-01,2026-04-20,171,86,37,49,43.02,83220.3,-43777.29,23.5,,31.47,353133.0,-288864.0,93.41,0.41,0.44,0.012,0.02,19,9,2,7,22.22,45061.0,-36071.14,24.78,,25.19,54538.0,-94710.0,-16.24,-0.62,-0.51,0.0097,-0.02,190,95,39,56,41.05,82381.33,-46870.4,24.0,,34.3,353133.0,-288864.0,58.81,0.29,0.3,0.0117,0.01
LKOH,macd,1D,False,Bayesian_TPE,"{""sampler"":""TPESampler"",""seed"":42,""n_trials"":50,""direction"":""maximize"",""objective"":""composite = Sharpe * (Return% / MaxDD%)""}",5,1.203,"{""macd_fast"":18,""macd_slow"":46,""macd_signal"":9,""allowshort"":false}",2014-01-01,2024-12-31,2025-01-01,2026-04-20,2014-01-01,2026-04-20,167,84,38,46,45.24,82072.81,-46902.76,24.1,,33.48,346166.0,-288267.0,96.12,0.42,0.45,0.0119,0.01,23,11,2,9,18.18,37499.0,-31619.11,19.82,,28.8,51590.0,-89298.0,-20.96,-0.87,-0.7,0.0095,-0.03,190,95,40,55,42.11,81185.37,-49313.55,23.94,,33.88,346166.0,-288267.0,53.52,0.28,0.29,0.0117,0.01
LKOH,breakout_pivot,1D,True,Bayesian_TPE,"{""sampler"":""TPESampler"",""seed"":42,""n_trials"":50,""direction"":""maximize"",""objective"":""composite = Sharpe * (Return% / MaxDD%)""}",1,4.298,"{""lookback"":210,""pivot_window"":3,""min_touches"":4,""tolerance_atr_mult"":0.6000000000000001,""cluster_atr_mult"":1.1,""confirmation_bars"":3,""cooldown_bars"":10,""allowshort"":true}",2014-01-01,2024-12-31,2025-01-01,2026-04-20,2014-01-01,2026-04-20,109,28,19,9,67.86,207784.88,-172074.62,79.04,,36.51,763029.0,-855485.0,239.92,0.65,0.6,0.0128,0.02,21,6,2,4,33.33,29337.5,-42811.75,25.5,,26.99,42411.0,-94520.0,-11.26,-0.52,-0.41,0.0079,-0.02,130,33,20,13,60.61,201543.74,-157257.39,72.64,,36.51,763029.0,-855485.0,198.65,0.54,0.49,0.0123,0.02
LKOH,breakout_pivot,1D,True,Bayesian_TPE,"{""sampler"":""TPESampler"",""seed"":42,""n_trials"":50,""direction"":""maximize"",""objective"":""composite = Sharpe * (Return% / MaxDD%)""}",2,4.168,"{""lookback"":186,""pivot_window"":5,""min_touches"":4,""tolerance_atr_mult"":0.4,""cluster_atr_mult"":0.55,""confirmation_bars"":2,""cooldown_bars"":11,""allowshort"":true}",2014-01-01,2024-12-31,2025-01-01,2026-04-20,2014-01-01,2026-04-20,42,10,6,4,60.0,427980.17,-92446.43,208.5,,34.33,1220408.0,-155595.0,219.81,0.65,0.63,0.0121,0.02,6,3,0,3,0.0,0.0,-63938.0,59.67,,26.04,-10584.0,-92190.0,-19.18,-0.89,-0.75,0.0085,-0.03,48,13,6,7,46.15,427980.17,-140620.24,174.15,,34.33,1220408.0,-295008.0,158.35,0.5,0.48,0.0117,0.02
LKOH,breakout_pivot,1D,True,Bayesian_TPE,"{""sampler"":""TPESampler"",""seed"":42,""n_trials"":50,""direction"":""maximize"",""objective"":""composite = Sharpe * (Return% / MaxDD%)""}",3,3.971,"{""lookback"":172,""pivot_window"":5,""min_touches"":5,""tolerance_atr_mult"":0.4,""cluster_atr_mult"":1.1,""confirmation_bars"":2,""cooldown_bars"":11,""allowshort"":true}",2014-01-01,2024-12-31,2025-01-01,2026-04-20,2014-01-01,2026-04-20,41,10,5,5,50.0,636316.2,-223147.3,213.9,,32.25,1285084.0,-382560.0,206.58,0.62,0.6,0.0124,0.02,9,1,0,1,0.0,0.0,-94710.0,91.0,,17.15,-94710.0,-94710.0,-9.47,-0.57,-0.34,0.0062,-0.02,50,11,5,6,45.45,636316.2,-234438.58,202.73,,32.25,1285084.0,-382560.0,177.49,0.53,0.49,0.0118,0.02
LKOH,breakout_pivot,1D,True,Bayesian_TPE,"{""sampler"":""TPESampler"",""seed"":42,""n_trials"":50,""direction"":""maximize"",""objective"":""composite = Sharpe * (Return% / MaxDD%)""}",4,2.856,"{""lookback"":200,""pivot_window"":4,""min_touches"":4,""tolerance_atr_mult"":0.5,""cluster_atr_mult"":1.1,""confirmation_bars"":2,""cooldown_bars"":13,""allowshort"":true}",2014-01-01,2024-12-31,2025-01-01,2026-04-20,2014-01-01,2026-04-20,80,22,11,11,50.0,270320.95,-110617.69,113.05,,34.75,1243550.0,-248436.0,175.67,0.57,0.62,0.0125,0.02,14,4,1,3,25.0,2877.0,-65951.0,52.0,,26.22,2877.0,-105225.0,-19.5,-0.88,-0.81,0.0088,-0.03,94,26,12,14,46.15,248457.46,-125949.76,103.65,,34.75,1243550.0,-291275.0,121.82,0.43,0.46,0.0121,0.01
LKOH,breakout_pivot,1D,True,Bayesian_TPE,"{""sampler"":""TPESampler"",""seed"":42,""n_trials"":50,""direction"":""maximize"",""objective"":""composite = Sharpe * (Return% / MaxDD%)""}",5,2.837,"{""lookback"":144,""pivot_window"":6,""min_touches"":5,""tolerance_atr_mult"":0.5,""cluster_atr_mult"":0.7,""confirmation_bars"":2,""cooldown_bars"":10,""allowshort"":true}",2014-01-01,2024-12-31,2025-01-01,2026-04-20,2014-01-01,2026-04-20,17,4,3,1,75.0,532867.8,-48383.5,446.25,,31.91,975632.0,-48383.5,155.02,0.58,0.62,0.0108,0.02,1,1,0,1,0.0,0.0,-286308.0,430.0,,37.04,-286308.0,-286308.0,-28.63,-0.74,-0.97,0.015,-0.03,18,5,3,2,60.0,532867.8,-390752.75,443.0,,44.61,975632.0,-733122.0,81.71,0.35,0.38,0.0115,0.01
LKOH,breakout_ols,1D,False,Bayesian_TPE,"{""sampler"":""TPESampler"",""seed"":42,""n_trials"":50,""direction"":""maximize"",""objective"":""composite = Sharpe * (Return% / MaxDD%)""}",1,11.259,"{""lookback"":258,""pivot_window"":6,""min_touches"":3,""tolerance_atr_mult"":1.1,""cluster_atr_mult"":0.35,""confirmation_bars"":3,""cooldown_bars"":6,""allowshort"":false}",2014-01-01,2024-12-31,2025-01-01,2026-04-20,2014-01-01,2026-04-20,74,9,6,3,66.67,563365.42,-150058.67,201.56,,21.47,1743616.0,-160660.0,293.0,0.82,0.78,0.0106,0.04,22,5,1,4,20.0,16728.0,-74674.75,32.2,,36.14,16728.0,-105772.5,-28.2,-1.36,-0.89,0.0089,-0.03,96,14,7,7,50.0,492288.07,-232397.57,141.07,,36.26,1743616.0,-418389.0,181.92,0.58,0.53,0.0104,0.02
LKOH,breakout_ols,1D,False,Bayesian_TPE,"{""sampler"":""TPESampler"",""seed"":42,""n_trials"":50,""direction"":""maximize"",""objective"":""composite = Sharpe * (Return% / MaxDD%)""}",2,9.807,"{""lookback"":256,""pivot_window"":7,""min_touches"":3,""tolerance_atr_mult"":1.1,""cluster_atr_mult"":0.35,""confirmation_bars"":3,""cooldown_bars"":6,""allowshort"":false}",2014-01-01,2024-12-31,2025-01-01,2026-04-20,2014-01-01,2026-04-20,57,7,4,3,57.14,803830.5,-138720.0,258.0,,22.92,1668352.0,-153458.0,279.92,0.8,0.76,0.0107,0.04,20,4,0,4,0.0,0.0,-75357.25,61.75,,39.55,-57096.0,-105772.5,-30.14,-1.25,-1.12,0.0103,-0.03,77,11,4,7,36.36,803830.5,-223351.57,186.64,,39.6,1668352.0,-404286.0,165.19,0.54,0.51,0.0107,0.01
LKOH,breakout_ols,1D,False,Bayesian_TPE,"{""sampler"":""TPESampler"",""seed"":42,""n_trials"":50,""direction"":""maximize"",""objective"":""composite = Sharpe * (Return% / MaxDD%)""}",3,8.331,"{""lookback"":252,""pivot_window"":7,""min_touches"":3,""tolerance_atr_mult"":1.1500000000000001,""cluster_atr_mult"":0.35,""confirmation_bars"":3,""cooldown_bars"":6,""allowshort"":false}",2014-01-01,2024-12-31,2025-01-01,2026-04-20,2014-01-01,2026-04-20,58,9,6,3,66.67,492346.83,-134724.0,197.56,,23.2,1558592.0,-143486.0,254.99,0.76,0.71,0.0109,0.04,19,4,0,4,0.0,0.0,-75357.25,61.75,,39.55,-57096.0,-105772.5,-30.14,-1.25,-1.12,0.0103,-0.03,77,13,6,7,46.15,492346.83,-210826.21,155.77,,39.58,1558592.0,-377647.0,147.83,0.51,0.47,0.0108,0.01
LKOH,breakout_ols,1D,False,Bayesian_TPE,"{""sampler"":""TPESampler"",""seed"":42,""n_trials"":50,""direction"":""maximize"",""objective"":""composite = Sharpe * (Return% / MaxDD%)""}",4,8.253,"{""lookback"":258,""pivot_window"":6,""min_touches"":3,""tolerance_atr_mult"":1.2,""cluster_atr_mult"":0.45,""confirmation_bars"":3,""cooldown_bars"":5,""allowshort"":false}",2014-01-01,2024-12-31,2025-01-01,2026-04-20,2014-01-01,2026-04-20,80,11,6,5,54.55,492751.75,-113074.54,168.45,,21.44,1533504.0,-140993.0,239.11,0.74,0.71,0.0107,0.04,25,6,1,5,16.67,16456.0,-61801.1,25.0,,37.08,16456.0,-107339.5,-29.25,-1.45,-0.92,0.0087,-0.03,105,17,7,10,41.18,430363.21,-161484.47,117.82,,37.18,1533504.0,-365111.0,139.77,0.5,0.46,0.0105,0.01
LKOH,breakout_ols,1D,False,Bayesian_TPE,"{""sampler"":""TPESampler"",""seed"":42,""n_trials"":50,""direction"":""maximize"",""objective"":""composite = Sharpe * (Return% / MaxDD%)""}",5,6.499,"{""lookback"":275,""pivot_window"":7,""min_touches"":3,""tolerance_atr_mult"":1.2,""cluster_atr_mult"":0.35,""confirmation_bars"":3,""cooldown_bars"":7,""allowshort"":false}",2014-01-01,2024-12-31,2025-01-01,2026-04-20,2014-01-01,2026-04-20,65,7,4,3,57.14,619278.12,-158480.0,235.0,,21.96,1050670.5,-218010.0,200.17,0.71,0.62,0.01,0.03,18,4,0,4,0.0,0.0,-74557.12,60.5,,39.26,-61204.0,-98464.0,-29.82,-1.25,-1.1,0.0102,-0.03,83,11,4,7,36.36,619278.12,-196046.21,171.55,,39.32,1050670.5,-296116.0,110.48,0.45,0.39,0.01,0.01
LKOH,retest_pivot,1D,True,Bayesian_TPE,"{""sampler"":""TPESampler"",""seed"":42,""n_trials"":50,""direction"":""maximize"",""objective"":""composite = Sharpe * (Return% / MaxDD%)""}",1,5.706,"{""lookback"":142,""pivot_window"":4,""min_touches"":4,""tolerance_atr_mult"":0.7,""cluster_atr_mult"":0.5,""confirmation_bars"":1,""cooldown_bars"":5,""retest_window"":31,""cancel_atr_mult"":1.8,""allowshort"":true}",2014-01-01,2024-12-31,2025-01-01,2026-04-20,2014-01-01,2026-04-20,95,17,11,5,64.71,276860.18,-61377.2,114.76,,36.35,1409402.5,-119047.5,273.86,0.76,0.83,0.0114,0.02,13,1,0,1,0.0,0.0,-198880.5,352.0,,37.21,-198880.5,-198880.5,-19.89,-0.5,-0.62,0.014,-0.02,108,18,11,6,61.11,276860.18,-175036.58,127.94,,37.23,1409402.5,-743333.5,199.52,0.56,0.62,0.0117,0.02
LKOH,retest_pivot,1D,True,Bayesian_TPE,"{""sampler"":""TPESampler"",""seed"":42,""n_trials"":50,""direction"":""maximize"",""objective"":""composite = Sharpe * (Return% / MaxDD%)""}",2,4.715,"{""lookback"":163,""pivot_window"":5,""min_touches"":4,""tolerance_atr_mult"":0.6000000000000001,""cluster_atr_mult"":0.3,""confirmation_bars"":2,""cooldown_bars"":4,""retest_window"":35,""cancel_atr_mult"":1.5,""allowshort"":true}",2014-01-01,2024-12-31,2025-01-01,2026-04-20,2014-01-01,2026-04-20,45,11,7,4,63.64,293870.07,-75437.3,141.64,,25.91,864450.0,-118876.0,175.53,0.7,0.66,0.0094,0.03,2,1,0,1,0.0,0.0,-243084.0,466.0,,37.22,-243084.0,-243084.0,-24.31,-0.56,-0.76,0.0156,-0.02,47,11,6,5,54.55,293005.08,-142657.84,184.82,,37.16,864450.0,-411540.0,104.47,0.43,0.43,0.0104,0.01
LKOH,retest_pivot,1D,True,Bayesian_TPE,"{""sampler"":""TPESampler"",""seed"":42,""n_trials"":50,""direction"":""maximize"",""objective"":""composite = Sharpe * (Return% / MaxDD%)""}",3,4.41,"{""lookback"":121,""pivot_window"":3,""min_touches"":4,""tolerance_atr_mult"":0.55,""cluster_atr_mult"":0.75,""confirmation_bars"":3,""cooldown_bars"":7,""retest_window"":22,""cancel_atr_mult"":2.0,""allowshort"":true}",2014-01-01,2024-12-31,2025-01-01,2026-04-20,2014-01-01,2026-04-20,53,13,9,4,69.23,313732.67,-97897.4,145.08,,37.5,1031615.0,-294556.5,243.2,0.68,0.58,0.0122,0.02,13,4,0,4,0.0,0.0,-61748.25,70.25,,33.77,-16685.0,-154662.0,-24.7,-0.75,-0.76,0.0128,-0.03,66,17,9,8,52.94,313732.67,-155337.45,127.47,,40.42,1031615.0,-533532.0,158.09,0.48,0.43,0.0123,0.01
LKOH,retest_pivot,1D,True,Bayesian_TPE,"{""sampler"":""TPESampler"",""seed"":42,""n_trials"":50,""direction"":""maximize"",""objective"":""composite = Sharpe * (Return% / MaxDD%)""}",4,3.99,"{""lookback"":165,""pivot_window"":5,""min_touches"":4,""tolerance_atr_mult"":0.7,""cluster_atr_mult"":0.3,""confirmation_bars"":1,""cooldown_bars"":5,""retest_window"":27,""cancel_atr_mult"":1.8,""allowshort"":true}",2014-01-01,2024-12-31,2025-01-01,2026-04-20,2014-01-01,2026-04-20,72,16,9,5,56.25,224094.22,-58317.6,104.62,,32.69,832161.0,-100962.0,172.53,0.69,0.7,0.0101,0.02,1,1,0,1,0.0,0.0,-258681.0,453.0,,37.2,-258681.0,-258681.0,-25.87,-0.62,-0.84,0.0155,-0.03,73,16,8,6,50.0,212344.0,-112768.67,134.31,,37.21,832161.0,-385024.0,102.21,0.44,0.46,0.0109,0.01
LKOH,retest_pivot,1D,True,Bayesian_TPE,"{""sampler"":""TPESampler"",""seed"":42,""n_trials"":50,""direction"":""maximize"",""objective"":""composite = Sharpe * (Return% / MaxDD%)""}",5,3.288,"{""lookback"":158,""pivot_window"":4,""min_touches"":4,""tolerance_atr_mult"":0.55,""cluster_atr_mult"":0.35,""confirmation_bars"":1,""cooldown_bars"":5,""retest_window"":34,""cancel_atr_mult"":1.8,""allowshort"":true}",2014-01-01,2024-12-31,2025-01-01,2026-04-20,2014-01-01,2026-04-20,80,15,9,6,60.0,222950.17,-35925.78,116.47,,36.06,1115019.0,-85912.49999999997,179.1,0.66,0.66,0.0102,0.02,8,1,0,1,0.0,0.0,-146569.5,268.0,,26.28,-146569.5,-146569.5,-14.66,-0.49,-0.55,0.0105,-0.02,88,16,9,7,56.25,222950.17,-89154.03,125.94,,36.06,1115019.0,-408523.5,138.25,0.51,0.51,0.0102,0.01
LKOH,retest_ols,1D,False,Bayesian_TPE,"{""sampler"":""TPESampler"",""seed"":42,""n_trials"":50,""direction"":""maximize"",""objective"":""composite = Sharpe * (Return% / MaxDD%)""}",1,15.134,"{""lookback"":198,""pivot_window"":9,""min_touches"":3,""tolerance_atr_mult"":0.55,""cluster_atr_mult"":0.65,""confirmation_bars"":1,""cooldown_bars"":19,""retest_window"":33,""cancel_atr_mult"":2.4000000000000004,""allowshort"":false}",2014-01-01,2024-12-31,2025-01-01,2026-04-20,2014-01-01,2026-04-20,55,12,9,3,75.0,585438.13,-72962.67,197.5,,30.2,2844436.0,-103500.0,505.01,0.91,1.03,0.0129,0.04,12,3,0,3,0.0,0.0,-88957.67,99.0,,35.7,-47446.5,-122536.0,-26.69,-0.85,-0.85,0.0126,-0.03,67,15,9,6,60.0,585438.13,-306303.33,177.8,,40.22,2844436.0,-743325.0,343.11,0.68,0.76,0.0129,0.02
LKOH,retest_ols,1D,False,Bayesian_TPE,"{""sampler"":""TPESampler"",""seed"":42,""n_trials"":50,""direction"":""maximize"",""objective"":""composite = Sharpe * (Return% / MaxDD%)""}",2,14.793,"{""lookback"":205,""pivot_window"":9,""min_touches"":4,""tolerance_atr_mult"":0.5,""cluster_atr_mult"":0.5,""confirmation_bars"":1,""cooldown_bars"":19,""retest_window"":33,""cancel_atr_mult"":0.5,""allowshort"":false}",2014-01-01,2024-12-31,2025-01-01,2026-04-20,2014-01-01,2026-04-20,42,9,7,2,77.78,729727.77,-70240.25,253.89,,30.19,2641262.0,-96125.0,496.76,0.9,1.0,0.0129,0.04,8,2,0,2,0.0,0.0,-112254.0,127.0,,29.35,-101244.0,-123264.0,-22.45,-0.67,-0.64,0.0127,-0.03,50,10,6,4,60.0,808775.73,-260030.12,260.1,,31.73,2641262.0,-766976.0,381.25,0.71,0.78,0.013,0.03
LKOH,retest_ols,1D,False,Bayesian_TPE,"{""sampler"":""TPESampler"",""seed"":42,""n_trials"":50,""direction"":""maximize"",""objective"":""composite = Sharpe * (Return% / MaxDD%)""}",3,6.585,"{""lookback"":213,""pivot_window"":9,""min_touches"":4,""tolerance_atr_mult"":0.7,""cluster_atr_mult"":1.2,""confirmation_bars"":2,""cooldown_bars"":20,""retest_window"":28,""cancel_atr_mult"":2.5,""allowshort"":false}",2014-01-01,2024-12-31,2025-01-01,2026-04-20,2014-01-01,2026-04-20,43,9,6,3,66.67,616406.1,-102037.33,215.33,,38.74,1857327.0,-259252.0,339.23,0.75,0.73,0.0132,0.03,10,3,0,3,0.0,0.0,-38827.17,39.33,,28.53,-8692.0,-74802.0,-11.65,-0.62,-0.63,0.0129,-0.03,53,11,5,6,45.45,709944.32,-109219.42,194.64,,38.74,1857327.0,-259252.0,289.44,0.57,0.57,0.0133,0.02
LKOH,retest_ols,1D,False,Bayesian_TPE,"{""sampler"":""TPESampler"",""seed"":42,""n_trials"":50,""direction"":""maximize"",""objective"":""composite = Sharpe * (Return% / MaxDD%)""}",4,6.544,"{""lookback"":203,""pivot_window"":10,""min_touches"":3,""tolerance_atr_mult"":0.7,""cluster_atr_mult"":1.05,""confirmation_bars"":1,""cooldown_bars"":19,""retest_window"":30,""cancel_atr_mult"":2.5,""allowshort"":false}",2014-01-01,2024-12-31,2025-01-01,2026-04-20,2014-01-01,2026-04-20,51,10,7,3,70.0,469863.13,-109965.0,202.1,,33.69,1874022.0,-155820.0,295.91,0.74,0.78,0.0122,0.03,14,3,0,3,0.0,0.0,-86260.33,95.0,,36.28,-52452.0,-123437.0,-25.88,-0.81,-0.8,0.0127,-0.03,65,13,7,6,53.85,469863.13,-226322.92,177.38,,37.63,1874022.0,-491946.0,193.11,0.54,0.55,0.0123,0.02
LKOH,retest_ols,1D,False,Bayesian_TPE,"{""sampler"":""TPESampler"",""seed"":42,""n_trials"":50,""direction"":""maximize"",""objective"":""composite = Sharpe * (Return% / MaxDD%)""}",5,6.413,"{""lookback"":199,""pivot_window"":10,""min_touches"":4,""tolerance_atr_mult"":0.55,""cluster_atr_mult"":0.55,""confirmation_bars"":2,""cooldown_bars"":19,""retest_window"":37,""cancel_atr_mult"":2.0,""allowshort"":false}",2014-01-01,2024-12-31,2025-01-01,2026-04-20,2014-01-01,2026-04-20,30,6,5,1,83.33,591517.98,-194793.5,342.17,,31.71,1419680.5,-194793.5,276.28,0.74,0.86,0.0119,0.03,9,1,0,1,0.0,0.0,-143259.0,180.0,,21.94,-143259.0,-143259.0,-14.33,-0.48,-0.36,0.0105,-0.02,39,7,4,3,57.14,699097.47,-261324.83,335.14,,32.23,1419680.5,-505461.0,201.24,0.55,0.62,0.012,0.02
LKOH,obv,1D,False,Bayesian_TPE,"{""sampler"":""TPESampler"",""seed"":42,""n_trials"":50,""direction"":""maximize"",""objective"":""composite = Sharpe * (Return% / MaxDD%)""}",1,5.926,"{""obv_ema_window"":24,""confirmation_bars"":4,""allowshort"":false}",2014-01-01,2024-12-31,2025-01-01,2026-04-20,2014-01-01,2026-04-20,1021,134,52,82,38.81,88127.47,-28232.95,14.07,,26.4,549927.0,-143354.5,226.75,0.69,0.76,0.0114,0.03,86,9,3,6,33.33,55879.83,-25906.25,16.0,,8.2,147498.0,-59653.0,1.22,0.12,0.1,0.007,0.01,1107,143,55,88,38.46,92413.32,-32013.76,14.46,,26.4,549927.0,-192995.0,226.55,0.63,0.67,0.0109,0.03
LKOH,obv,1D,False,Bayesian_TPE,"{""sampler"":""TPESampler"",""seed"":42,""n_trials"":50,""direction"":""maximize"",""objective"":""composite = Sharpe * (Return% / MaxDD%)""}",2,5.451,"{""obv_ema_window"":23,""confirmation_bars"":4,""allowshort"":false}",2014-01-01,2024-12-31,2025-01-01,2026-04-20,2014-01-01,2026-04-20,1040,134,52,82,38.81,83314.16,-27727.62,13.82,,25.04,528728.0,-158480.0,205.87,0.66,0.71,0.0112,0.03,90,9,3,6,33.33,54699.0,-25906.25,14.89,,8.35,143964.0,-59653.0,0.87,0.1,0.08,0.007,0.01,1130,143,55,88,38.46,87079.35,-31169.18,14.15,,25.04,528728.0,-179916.0,204.65,0.6,0.63,0.0108,0.03
LKOH,obv,1D,False,Bayesian_TPE,"{""sampler"":""TPESampler"",""seed"":42,""n_trials"":50,""direction"":""maximize"",""objective"":""composite = Sharpe * (Return% / MaxDD%)""}",3,5.451,"{""obv_ema_window"":23,""confirmation_bars"":4,""allowshort"":false}",2014-01-01,2024-12-31,2025-01-01,2026-04-20,2014-01-01,2026-04-20,1040,134,52,82,38.81,83314.16,-27727.62,13.82,,25.04,528728.0,-158480.0,205.87,0.66,0.71,0.0112,0.03,90,9,3,6,33.33,54699.0,-25906.25,14.89,,8.35,143964.0,-59653.0,0.87,0.1,0.08,0.007,0.01,1130,143,55,88,38.46,87079.35,-31169.18,14.15,,25.04,528728.0,-179916.0,204.65,0.6,0.63,0.0108,0.03
LKOH,obv,1D,False,Bayesian_TPE,"{""sampler"":""TPESampler"",""seed"":42,""n_trials"":50,""direction"":""maximize"",""objective"":""composite = Sharpe * (Return% / MaxDD%)""}",4,5.451,"{""obv_ema_window"":23,""confirmation_bars"":4,""allowshort"":false}",2014-01-01,2024-12-31,2025-01-01,2026-04-20,2014-01-01,2026-04-20,1040,134,52,82,38.81,83314.16,-27727.62,13.82,,25.04,528728.0,-158480.0,205.87,0.66,0.71,0.0112,0.03,90,9,3,6,33.33,54699.0,-25906.25,14.89,,8.35,143964.0,-59653.0,0.87,0.1,0.08,0.007,0.01,1130,143,55,88,38.46,87079.35,-31169.18,14.15,,25.04,528728.0,-179916.0,204.65,0.6,0.63,0.0108,0.03
LKOH,obv,1D,False,Bayesian_TPE,"{""sampler"":""TPESampler"",""seed"":42,""n_trials"":50,""direction"":""maximize"",""objective"":""composite = Sharpe * (Return% / MaxDD%)""}",5,5.451,"{""obv_ema_window"":23,""confirmation_bars"":4,""allowshort"":false}",2014-01-01,2024-12-31,2025-01-01,2026-04-20,2014-01-01,2026-04-20,1040,134,52,82,38.81,83314.16,-27727.62,13.82,,25.04,528728.0,-158480.0,205.87,0.66,0.71,0.0112,0.03,90,9,3,6,33.33,54699.0,-25906.25,14.89,,8.35,143964.0,-59653.0,0.87,0.1,0.08,0.007,0.01,1130,143,55,88,38.46,87079.35,-31169.18,14.15,,25.04,528728.0,-179916.0,204.65,0.6,0.63,0.0108,0.03
LKOH,vwap,1D,False,Bayesian_TPE,"{""sampler"":""TPESampler"",""seed"":42,""n_trials"":50,""direction"":""maximize"",""objective"":""composite = Sharpe * (Return% / MaxDD%)""}",1,21.525,"{""vwap_window"":37,""vwap_tol"":0.015,""vwap_mode"":""yearly"",""allowshort"":false}",2014-01-01,2024-12-31,2025-01-01,2026-04-20,2014-01-01,2026-04-20,140,22,8,13,36.36,692225.11,-93181.83,106.18,,18.25,2504320.5,-256740.0,432.64,0.91,1.05,0.0118,0.06,14,2,1,1,50.0,8687.5,-25571.0,44.0,,9.44,8687.5,-25571.0,-1.69,-0.06,-0.04,0.006,-0.0,154,23,9,14,39.13,615801.88,-96190.38,106.09,,18.25,2504320.5,-256740.0,419.56,0.82,0.91,0.0113,0.05
LKOH,vwap,1D,False,Bayesian_TPE,"{""sampler"":""TPESampler"",""seed"":42,""n_trials"":50,""direction"":""maximize"",""objective"":""composite = Sharpe * (Return% / MaxDD%)""}",2,21.525,"{""vwap_window"":22,""vwap_tol"":0.015,""vwap_mode"":""yearly"",""allowshort"":false}",2014-01-01,2024-12-31,2025-01-01,2026-04-20,2014-01-01,2026-04-20,140,22,8,13,36.36,692225.11,-93181.83,106.18,,18.25,2504320.5,-256740.0,432.64,0.91,1.05,0.0118,0.06,14,2,1,1,50.0,8687.5,-25571.0,44.0,,9.44,8687.5,-25571.0,-1.69,-0.06,-0.04,0.006,-0.0,154,23,9,14,39.13,615801.88,-96190.38,106.09,,18.25,2504320.5,-256740.0,419.56,0.82,0.91,0.0113,0.05
LKOH,vwap,1D,False,Bayesian_TPE,"{""sampler"":""TPESampler"",""seed"":42,""n_trials"":50,""direction"":""maximize"",""objective"":""composite = Sharpe * (Return% / MaxDD%)""}",3,21.525,"{""vwap_window"":150,""vwap_tol"":0.015,""vwap_mode"":""yearly"",""allowshort"":false}",2014-01-01,2024-12-31,2025-01-01,2026-04-20,2014-01-01,2026-04-20,140,22,8,13,36.36,692225.11,-93181.83,106.18,,18.25,2504320.5,-256740.0,432.64,0.91,1.05,0.0118,0.06,14,2,1,1,50.0,8687.5,-25571.0,44.0,,9.44,8687.5,-25571.0,-1.69,-0.06,-0.04,0.006,-0.0,154,23,9,14,39.13,615801.88,-96190.38,106.09,,18.25,2504320.5,-256740.0,419.56,0.82,0.91,0.0113,0.05
LKOH,vwap,1D,False,Bayesian_TPE,"{""sampler"":""TPESampler"",""seed"":42,""n_trials"":50,""direction"":""maximize"",""objective"":""composite = Sharpe * (Return% / MaxDD%)""}",4,21.525,"{""vwap_window"":34,""vwap_tol"":0.015,""vwap_mode"":""yearly"",""allowshort"":false}",2014-01-01,2024-12-31,2025-01-01,2026-04-20,2014-01-01,2026-04-20,140,22,8,13,36.36,692225.11,-93181.83,106.18,,18.25,2504320.5,-256740.0,432.64,0.91,1.05,0.0118,0.06,14,2,1,1,50.0,8687.5,-25571.0,44.0,,9.44,8687.5,-25571.0,-1.69,-0.06,-0.04,0.006,-0.0,154,23,9,14,39.13,615801.88,-96190.38,106.09,,18.25,2504320.5,-256740.0,419.56,0.82,0.91,0.0113,0.05
LKOH,vwap,1D,False,Bayesian_TPE,"{""sampler"":""TPESampler"",""seed"":42,""n_trials"":50,""direction"":""maximize"",""objective"":""composite = Sharpe * (Return% / MaxDD%)""}",5,21.525,"{""vwap_window"":35,""vwap_tol"":0.015,""vwap_mode"":""yearly"",""allowshort"":false}",2014-01-01,2024-12-31,2025-01-01,2026-04-20,2014-01-01,2026-04-20,140,22,8,13,36.36,692225.11,-93181.83,106.18,,18.25,2504320.5,-256740.0,432.64,0.91,1.05,0.0118,0.06,14,2,1,1,50.0,8687.5,-25571.0,44.0,,9.44,8687.5,-25571.0,-1.69,-0.06,-0.04,0.006,-0.0,154,23,9,14,39.13,615801.88,-96190.38,106.09,,18.25,2504320.5,-256740.0,419.56,0.82,0.91,0.0113,0.05
LKOH,engulfing,1D,False,Bayesian_TPE,"{""sampler"":""TPESampler"",""seed"":42,""n_trials"":50,""direction"":""maximize"",""objective"":""composite = Sharpe * (Return% / MaxDD%)""}",1,1.893,"{""doji_tol"":0.13,""wick_body_ratio"":2.4,""allowshort"":false}",2014-01-01,2024-12-31,2025-01-01,2026-04-20,2014-01-01,2026-04-20,254,64,33,31,51.56,122643.4,-80354.16,28.38,,43.48,341691.0,-637749.0,155.63,0.53,0.47,0.0126,0.02,62,15,4,11,26.67,31017.75,-28415.55,12.33,,26.68,65835.0,-61904.5,-18.85,-0.75,-0.61,0.0097,-0.03,316,78,36,42,46.15,119956.17,-78051.83,25.85,,47.3,341691.0,-637749.0,104.02,0.39,0.34,0.0123,0.01
LKOH,engulfing,1D,False,Bayesian_TPE,"{""sampler"":""TPESampler"",""seed"":42,""n_trials"":50,""direction"":""maximize"",""objective"":""composite = Sharpe * (Return% / MaxDD%)""}",2,1.893,"{""doji_tol"":0.12,""wick_body_ratio"":3.5,""allowshort"":false}",2014-01-01,2024-12-31,2025-01-01,2026-04-20,2014-01-01,2026-04-20,254,64,33,31,51.56,122643.4,-80354.16,28.38,,43.48,341691.0,-637749.0,155.63,0.53,0.47,0.0126,0.02,62,15,4,11,26.67,31017.75,-28415.55,12.33,,26.68,65835.0,-61904.5,-18.85,-0.75,-0.61,0.0097,-0.03,316,78,36,42,46.15,119956.17,-78051.83,25.85,,47.3,341691.0,-637749.0,104.02,0.39,0.34,0.0123,0.01
LKOH,engulfing,1D,False,Bayesian_TPE,"{""sampler"":""TPESampler"",""seed"":42,""n_trials"":50,""direction"":""maximize"",""objective"":""composite = Sharpe * (Return% / MaxDD%)""}",3,1.893,"{""doji_tol"":0.18,""wick_body_ratio"":1.5,""allowshort"":false}",2014-01-01,2024-12-31,2025-01-01,2026-04-20,2014-01-01,2026-04-20,254,64,33,31,51.56,122643.4,-80354.16,28.38,,43.48,341691.0,-637749.0,155.63,0.53,0.47,0.0126,0.02,62,15,4,11,26.67,31017.75,-28415.55,12.33,,26.68,65835.0,-61904.5,-18.85,-0.75,-0.61,0.0097,-0.03,316,78,36,42,46.15,119956.17,-78051.83,25.85,,47.3,341691.0,-637749.0,104.02,0.39,0.34,0.0123,0.01
LKOH,engulfing,1D,False,Bayesian_TPE,"{""sampler"":""TPESampler"",""seed"":42,""n_trials"":50,""direction"":""maximize"",""objective"":""composite = Sharpe * (Return% / MaxDD%)""}",4,1.893,"{""doji_tol"":0.14,""wick_body_ratio"":1.9,""allowshort"":false}",2014-01-01,2024-12-31,2025-01-01,2026-04-20,2014-01-01,2026-04-20,254,64,33,31,51.56,122643.4,-80354.16,28.38,,43.48,341691.0,-637749.0,155.63,0.53,0.47,0.0126,0.02,62,15,4,11,26.67,31017.75,-28415.55,12.33,,26.68,65835.0,-61904.5,-18.85,-0.75,-0.61,0.0097,-0.03,316,78,36,42,46.15,119956.17,-78051.83,25.85,,47.3,341691.0,-637749.0,104.02,0.39,0.34,0.0123,0.01
LKOH,engulfing,1D,False,Bayesian_TPE,"{""sampler"":""TPESampler"",""seed"":42,""n_trials"":50,""direction"":""maximize"",""objective"":""composite = Sharpe * (Return% / MaxDD%)""}",5,1.893,"{""doji_tol"":0.16,""wick_body_ratio"":1.7,""allowshort"":false}",2014-01-01,2024-12-31,2025-01-01,2026-04-20,2014-01-01,2026-04-20,254,64,33,31,51.56,122643.4,-80354.16,28.38,,43.48,341691.0,-637749.0,155.63,0.53,0.47,0.0126,0.02,62,15,4,11,26.67,31017.75,-28415.55,12.33,,26.68,65835.0,-61904.5,-18.85,-0.75,-0.61,0.0097,-0.03,316,78,36,42,46.15,119956.17,-78051.83,25.85,,47.3,341691.0,-637749.0,104.02,0.39,0.34,0.0123,0.01
LKOH,hammerdoji,1D,False,Bayesian_TPE,"{""sampler"":""TPESampler"",""seed"":42,""n_trials"":50,""direction"":""maximize"",""objective"":""composite = Sharpe * (Return% / MaxDD%)""}",1,20.014,"{""doji_tol"":0.08,""wick_body_ratio"":3.0,""allowshort"":false}",2014-01-01,2024-12-31,2025-01-01,2026-04-20,2014-01-01,2026-04-20,318,79,52,27,65.82,149508.28,-105682.94,27.87,,22.08,1123284.5,-557243.5,492.1,0.9,0.96,0.0129,0.05,38,9,4,5,44.44,50734.5,-59354.8,29.11,,26.69,90240.0,-120624.0,-9.38,-0.21,-0.23,0.0123,-0.01,356,88,56,32,63.64,160318.58,-144237.48,28.0,,26.8,1123284.5,-718000.0,436.22,0.76,0.81,0.0128,0.04
LKOH,hammerdoji,1D,False,Bayesian_TPE,"{""sampler"":""TPESampler"",""seed"":42,""n_trials"":50,""direction"":""maximize"",""objective"":""composite = Sharpe * (Return% / MaxDD%)""}",2,19.171,"{""doji_tol"":0.08,""wick_body_ratio"":3.1,""allowshort"":false}",2014-01-01,2024-12-31,2025-01-01,2026-04-20,2014-01-01,2026-04-20,311,76,49,27,64.47,155056.57,-104607.83,29.21,,22.06,1120451.5,-556530.0,477.34,0.89,0.95,0.0129,0.05,37,9,4,5,44.44,50734.5,-53624.7,28.0,,26.69,90240.0,-120624.0,-6.52,-0.12,-0.13,0.0121,-0.01,348,85,53,32,62.35,165490.24,-136787.57,29.08,,26.8,1120451.5,-700050.0,439.38,0.76,0.82,0.0128,0.04
LKOH,hammerdoji,1D,False,Bayesian_TPE,"{""sampler"":""TPESampler"",""seed"":42,""n_trials"":50,""direction"":""maximize"",""objective"":""composite = Sharpe * (Return% / MaxDD%)""}",3,14.987,"{""doji_tol"":0.09,""wick_body_ratio"":3.1,""allowshort"":false}",2014-01-01,2024-12-31,2025-01-01,2026-04-20,2014-01-01,2026-04-20,344,85,53,32,62.35,157884.55,-107344.43,27.21,,28.57,1151614.5,-571513.5,493.29,0.87,0.94,0.0135,0.04,39,10,5,5,50.0,54267.4,-56333.2,27.1,,26.77,90240.0,-127086.0,-1.03,0.07,0.08,0.0126,0.0,383,95,58,37,61.05,172056.07,-138111.54,27.2,,28.57,1151614.5,-753900.0,486.91,0.77,0.84,0.0133,0.04
LKOH,hammerdoji,1D,False,Bayesian_TPE,"{""sampler"":""TPESampler"",""seed"":42,""n_trials"":50,""direction"":""maximize"",""objective"":""composite = Sharpe * (Return% / MaxDD%)""}",4,14.932,"{""doji_tol"":0.06,""wick_body_ratio"":3.1,""allowshort"":false}",2014-01-01,2024-12-31,2025-01-01,2026-04-20,2014-01-01,2026-04-20,264,64,41,23,64.06,164701.94,-109429.69,34.08,,24.17,1068025.0,-578701.5,423.59,0.85,0.89,0.0127,0.04,28,8,4,4,50.0,34386.5,-35933.38,32.62,,23.0,53836.0,-47952.0,-0.62,0.07,0.08,0.0114,0.0,292,72,45,27,62.5,166087.19,-121134.51,33.92,,24.17,1068025.0,-578701.5,420.33,0.76,0.8,0.0125,0.04
LKOH,hammerdoji,1D,False,Bayesian_TPE,"{""sampler"":""TPESampler"",""seed"":42,""n_trials"":50,""direction"":""maximize"",""objective"":""composite = Sharpe * (Return% / MaxDD%)""}",5,14.581,"{""doji_tol"":0.06,""wick_body_ratio"":3.2,""allowshort"":false}",2014-01-01,2024-12-31,2025-01-01,2026-04-20,2014-01-01,2026-04-20,257,62,40,22,64.52,164756.32,-110505.79,34.85,,24.16,1051662.5,-570402.0,415.91,0.85,0.88,0.0126,0.04,28,8,4,4,50.0,34386.5,-35933.38,32.62,,23.0,53836.0,-47952.0,-0.62,0.07,0.08,0.0114,0.0,285,70,44,26,62.86,165924.26,-122061.86,34.6,,24.16,1051662.5,-570402.0,412.71,0.75,0.79,0.0125,0.04
LKOH,harami,1D,False,Bayesian_TPE,"{""sampler"":""TPESampler"",""seed"":42,""n_trials"":50,""direction"":""maximize"",""objective"":""composite = Sharpe * (Return% / MaxDD%)""}",1,1.052,"{""doji_tol"":0.13,""wick_body_ratio"":2.4,""allowshort"":false}",2014-01-01,2024-12-31,2025-01-01,2026-04-20,2014-01-01,2026-04-20,25,6,5,1,83.33,283955.08,-265984.0,207.5,,52.31,972823.5,-265984.0,115.38,0.48,0.33,0.0115,0.01,10,1,0,1,0.0,0.0,-167552.0,318.0,,26.11,-167552.0,-167552.0,-16.76,-0.44,-0.5,0.0129,-0.02,35,7,5,2,71.43,283955.08,-314144.0,223.29,,52.31,972823.5,-362304.0,79.15,0.34,0.26,0.0117,0.01
LKOH,harami,1D,False,Bayesian_TPE,"{""sampler"":""TPESampler"",""seed"":42,""n_trials"":50,""direction"":""maximize"",""objective"":""composite = Sharpe * (Return% / MaxDD%)""}",2,1.052,"{""doji_tol"":0.12,""wick_body_ratio"":3.5,""allowshort"":false}",2014-01-01,2024-12-31,2025-01-01,2026-04-20,2014-01-01,2026-04-20,25,6,5,1,83.33,283955.08,-265984.0,207.5,,52.31,972823.5,-265984.0,115.38,0.48,0.33,0.0115,0.01,10,1,0,1,0.0,0.0,-167552.0,318.0,,26.11,-167552.0,-167552.0,-16.76,-0.44,-0.5,0.0129,-0.02,35,7,5,2,71.43,283955.08,-314144.0,223.29,,52.31,972823.5,-362304.0,79.15,0.34,0.26,0.0117,0.01
LKOH,harami,1D,False,Bayesian_TPE,"{""sampler"":""TPESampler"",""seed"":42,""n_trials"":50,""direction"":""maximize"",""objective"":""composite = Sharpe * (Return% / MaxDD%)""}",3,1.052,"{""doji_tol"":0.18,""wick_body_ratio"":1.5,""allowshort"":false}",2014-01-01,2024-12-31,2025-01-01,2026-04-20,2014-01-01,2026-04-20,25,6,5,1,83.33,283955.08,-265984.0,207.5,,52.31,972823.5,-265984.0,115.38,0.48,0.33,0.0115,0.01,10,1,0,1,0.0,0.0,-167552.0,318.0,,26.11,-167552.0,-167552.0,-16.76,-0.44,-0.5,0.0129,-0.02,35,7,5,2,71.43,283955.08,-314144.0,223.29,,52.31,972823.5,-362304.0,79.15,0.34,0.26,0.0117,0.01
LKOH,harami,1D,False,Bayesian_TPE,"{""sampler"":""TPESampler"",""seed"":42,""n_trials"":50,""direction"":""maximize"",""objective"":""composite = Sharpe * (Return% / MaxDD%)""}",4,1.052,"{""doji_tol"":0.14,""wick_body_ratio"":1.9,""allowshort"":false}",2014-01-01,2024-12-31,2025-01-01,2026-04-20,2014-01-01,2026-04-20,25,6,5,1,83.33,283955.08,-265984.0,207.5,,52.31,972823.5,-265984.0,115.38,0.48,0.33,0.0115,0.01,10,1,0,1,0.0,0.0,-167552.0,318.0,,26.11,-167552.0,-167552.0,-16.76,-0.44,-0.5,0.0129,-0.02,35,7,5,2,71.43,283955.08,-314144.0,223.29,,52.31,972823.5,-362304.0,79.15,0.34,0.26,0.0117,0.01
LKOH,harami,1D,False,Bayesian_TPE,"{""sampler"":""TPESampler"",""seed"":42,""n_trials"":50,""direction"":""maximize"",""objective"":""composite = Sharpe * (Return% / MaxDD%)""}",5,1.052,"{""doji_tol"":0.16,""wick_body_ratio"":1.7,""allowshort"":false}",2014-01-01,2024-12-31,2025-01-01,2026-04-20,2014-01-01,2026-04-20,25,6,5,1,83.33,283955.08,-265984.0,207.5,,52.31,972823.5,-265984.0,115.38,0.48,0.33,0.0115,0.01,10,1,0,1,0.0,0.0,-167552.0,318.0,,26.11,-167552.0,-167552.0,-16.76,-0.44,-0.5,0.0129,-0.02,35,7,5,2,71.43,283955.08,-314144.0,223.29,,52.31,972823.5,-362304.0,79.15,0.34,0.26,0.0117,0.01
LKOH,candle_ensemble,1D,True,Bayesian_TPE,"{""sampler"":""TPESampler"",""seed"":42,""n_trials"":50,""direction"":""maximize"",""objective"":""composite = Sharpe * (Return% / MaxDD%)""}",1,29.709,"{""ensemble_window"":8,""min_votes"":3,""doji_tol"":0.17,""wick_body_ratio"":3.1,""allowshort"":true}",2014-01-01,2024-12-31,2025-01-01,2026-04-20,2014-01-01,2026-04-20,142,71,46,25,64.79,438730.01,-201852.01,55.8,,51.25,3837267.0,-1063461.0,1513.53,1.01,1.43,0.0186,0.04,23,16,9,7,56.25,41880.89,-42985.14,29.12,,22.71,162357.0,-110492.5,7.6,0.31,0.49,0.0144,0.02,165,86,54,32,62.79,478453.84,-306880.29,51.59,,51.25,3837267.0,-1753887.5,1601.63,0.93,1.32,0.0181,0.03
LKOH,candle_ensemble,1D,True,Bayesian_TPE,"{""sampler"":""TPESampler"",""seed"":42,""n_trials"":50,""direction"":""maximize"",""objective"":""composite = Sharpe * (Return% / MaxDD%)""}",2,19.585,"{""ensemble_window"":8,""min_votes"":3,""doji_tol"":0.17,""wick_body_ratio"":3.0,""allowshort"":true}",2014-01-01,2024-12-31,2025-01-01,2026-04-20,2014-01-01,2026-04-20,142,71,45,26,63.38,359811.26,-198988.72,55.8,,51.25,2858220.0,-986832.0,1101.78,0.91,1.3,0.0188,0.03,23,16,9,7,56.25,41743.89,-50554.0,29.12,,26.61,162357.0,-140949.5,2.18,0.17,0.27,0.0143,0.01,165,86,53,33,61.63,384647.6,-283425.76,51.59,,51.25,2858220.0,-1666158.5,1103.33,0.83,1.19,0.0183,0.03
LKOH,candle_ensemble,1D,True,Bayesian_TPE,"{""sampler"":""TPESampler"",""seed"":42,""n_trials"":50,""direction"":""maximize"",""objective"":""composite = Sharpe * (Return% / MaxDD%)""}",3,19.585,"{""ensemble_window"":8,""min_votes"":3,""doji_tol"":0.17,""wick_body_ratio"":3.0,""allowshort"":true}",2014-01-01,2024-12-31,2025-01-01,2026-04-20,2014-01-01,2026-04-20,142,71,45,26,63.38,359811.26,-198988.72,55.8,,51.25,2858220.0,-986832.0,1101.78,0.91,1.3,0.0188,0.03,23,16,9,7,56.25,41743.89,-50554.0,29.12,,26.61,162357.0,-140949.5,2.18,0.17,0.27,0.0143,0.01,165,86,53,33,61.63,384647.6,-283425.76,51.59,,51.25,2858220.0,-1666158.5,1103.33,0.83,1.19,0.0183,0.03
LKOH,candle_ensemble,1D,True,Bayesian_TPE,"{""sampler"":""TPESampler"",""seed"":42,""n_trials"":50,""direction"":""maximize"",""objective"":""composite = Sharpe * (Return% / MaxDD%)""}",4,19.585,"{""ensemble_window"":8,""min_votes"":3,""doji_tol"":0.17,""wick_body_ratio"":3.0,""allowshort"":true}",2014-01-01,2024-12-31,2025-01-01,2026-04-20,2014-01-01,2026-04-20,142,71,45,26,63.38,359811.26,-198988.72,55.8,,51.25,2858220.0,-986832.0,1101.78,0.91,1.3,0.0188,0.03,23,16,9,7,56.25,41743.89,-50554.0,29.12,,26.61,162357.0,-140949.5,2.18,0.17,0.27,0.0143,0.01,165,86,53,33,61.63,384647.6,-283425.76,51.59,,51.25,2858220.0,-1666158.5,1103.33,0.83,1.19,0.0183,0.03
LKOH,candle_ensemble,1D,True,Bayesian_TPE,"{""sampler"":""TPESampler"",""seed"":42,""n_trials"":50,""direction"":""maximize"",""objective"":""composite = Sharpe * (Return% / MaxDD%)""}",5,19.54,"{""ensemble_window"":8,""min_votes"":3,""doji_tol"":0.16,""wick_body_ratio"":3.1,""allowshort"":true}",2014-01-01,2024-12-31,2025-01-01,2026-04-20,2014-01-01,2026-04-20,127,63,40,23,63.49,382414.27,-188179.53,62.89,,51.25,2896614.0,-857871.0,1096.84,0.91,1.3,0.0187,0.03,22,14,8,6,57.14,44798.62,-48384.25,33.29,,22.76,150940.5,-110010.0,6.81,0.29,0.46,0.0145,0.02,149,76,47,29,61.84,409849.79,-266833.02,58.38,,51.25,2896614.0,-1291170.0,1152.48,0.84,1.21,0.0182,0.03
AFKS,ema,1D,False,Bayesian_TPE,"{""sampler"":""TPESampler"",""seed"":42,""n_trials"":50,""direction"":""maximize"",""objective"":""composite = Sharpe * (Return% / MaxDD%)""}",1,7.841,"{""short_ema"":7,""long_ema"":50,""allowshort"":false}",2014-01-01,2024-12-31,2025-01-01,2026-04-20,2014-01-01,2026-04-20,74,37,11,26,29.73,510485.33,-67415.96,53.24,,37.83,1750189.238,-266107.65200000006,386.25,0.77,0.83,0.0138,0.03,19,9,1,8,11.11,50732.54,-24704.03,19.44,,33.43,50732.544000000045,-53657.52800000009,-14.69,-0.42,-0.36,0.0119,-0.01,93,46,11,35,23.91,487989.24,-75062.81,47.46,,37.83,1750189.238,-266107.65200000006,274.07,0.59,0.62,0.0137,0.02
AFKS,ema,1D,False,Bayesian_TPE,"{""sampler"":""TPESampler"",""seed"":42,""n_trials"":50,""direction"":""maximize"",""objective"":""composite = Sharpe * (Return% / MaxDD%)""}",2,6.356,"{""short_ema"":6,""long_ema"":50,""allowshort"":false}",2014-01-01,2024-12-31,2025-01-01,2026-04-20,2014-01-01,2026-04-20,78,39,12,27,30.77,449239.46,-63572.66,50.13,,43.36,1667324.4899999998,-252097.40700000004,367.44,0.75,0.8,0.0139,0.02,21,10,1,9,10.0,54696.02,-23100.49,17.4,,33.92,54696.02399999996,-53860.392000000094,-15.32,-0.44,-0.37,0.0119,-0.02,99,49,12,37,24.49,432456.07,-71067.17,44.2,,43.36,1667324.4899999998,-252097.40700000004,256.0,0.57,0.6,0.0138,0.02
AFKS,ema,1D,False,Bayesian_TPE,"{""sampler"":""TPESampler"",""seed"":42,""n_trials"":50,""direction"":""maximize"",""objective"":""composite = Sharpe * (Return% / MaxDD%)""}",3,5.508,"{""short_ema"":9,""long_ema"":121,""allowshort"":false}",2014-01-01,2024-12-31,2025-01-01,2026-04-20,2014-01-01,2026-04-20,31,15,6,9,40.0,532514.13,-60995.45,109.4,,33.87,1355262.4400000002,-201328.6320000001,264.61,0.71,0.68,0.0122,0.03,10,5,0,5,0.0,0.0,-57659.97,26.2,,36.17,-32244.94800000008,-99367.35899999995,-28.83,-1.22,-0.82,0.0101,-0.03,41,20,6,14,30.0,532514.13,-114295.76,88.6,,48.57,1355262.4400000002,-362306.76299999986,159.49,0.49,0.46,0.012,0.01
AFKS,ema,1D,False,Bayesian_TPE,"{""sampler"":""TPESampler"",""seed"":42,""n_trials"":50,""direction"":""maximize"",""objective"":""composite = Sharpe * (Return% / MaxDD%)""}",4,5.367,"{""short_ema"":18,""long_ema"":58,""allowshort"":false}",2014-01-01,2024-12-31,2025-01-01,2026-04-20,2014-01-01,2026-04-20,37,18,8,9,44.44,459608.57,-108747.94,102.5,,33.73,1380338.0600000003,-244829.3300000002,269.81,0.67,0.66,0.0133,0.03,12,6,1,5,16.67,86941.54,-42947.95,34.0,,35.2,86941.53999999996,-90980.804,-12.78,-0.29,-0.28,0.0133,-0.01,49,24,9,14,37.5,444265.57,-126633.5,85.38,,35.2,1380338.0600000003,-336458.628,222.55,0.55,0.54,0.0133,0.02
AFKS,ema,1D,False,Bayesian_TPE,"{""sampler"":""TPESampler"",""seed"":42,""n_trials"":50,""direction"":""maximize"",""objective"":""composite = Sharpe * (Return% / MaxDD%)""}",5,5.245,"{""short_ema"":5,""long_ema"":50,""allowshort"":false}",2014-01-01,2024-12-31,2025-01-01,2026-04-20,2014-01-01,2026-04-20,82,41,13,28,31.71,385474.94,-65074.22,47.85,,42.99,1602070.1999999995,-283601.1440000002,318.91,0.71,0.75,0.0138,0.02,23,11,2,9,18.18,35912.7,-25054.05,16.0,,33.96,54696.02399999996,-48439.990000000056,-15.37,-0.44,-0.37,0.0119,-0.02,105,52,14,38,26.92,349271.39,-72763.56,41.81,,42.99,1602070.1999999995,-283601.1440000002,212.48,0.52,0.55,0.0137,0.02
AFKS,rsi,1D,True,Bayesian_TPE,"{""sampler"":""TPESampler"",""seed"":42,""n_trials"":50,""direction"":""maximize"",""objective"":""composite = Sharpe * (Return% / MaxDD%)""}",1,2.929,"{""rsi_lower"":29,""rsi_upper"":70,""rsi_window"":23,""allowshort"":true}",2014-01-01,2024-12-31,2025-01-01,2026-04-20,2014-01-01,2026-04-20,47,15,10,5,66.67,889950.96,-830888.22,262.73,,87.8,2854310.58,-2065397.01,474.51,0.54,0.81,0.0432,0.03,1,1,0,1,0.0,0.0,-36868.86,195.0,,16.67,-36868.863999999965,-36868.863999999965,-3.69,-0.05,-0.05,0.0109,-0.0,48,15,10,5,66.67,889950.96,-1071389.53,294.4,,87.8,2854310.58,-2065397.01,354.26,0.48,0.71,0.041,0.02
AFKS,rsi,1D,True,Bayesian_TPE,"{""sampler"":""TPESampler"",""seed"":42,""n_trials"":50,""direction"":""maximize"",""objective"":""composite = Sharpe * (Return% / MaxDD%)""}",2,0.934,"{""rsi_lower"":20,""rsi_upper"":66,""rsi_window"":25,""allowshort"":true}",2014-01-01,2024-12-31,2025-01-01,2026-04-20,2014-01-01,2026-04-20,54,3,3,0,100.0,648855.87,0.0,1281.0,,98.53,778153.68,456986.06400000025,194.66,0.47,0.79,0.0637,0.03,3,1,1,0,100.0,301887.18,0.0,417.0,,15.24,301887.1759999999,301887.1759999999,30.19,0.83,1.14,0.0141,0.08,57,3,3,0,100.0,790670.14,0.0,1439.33,,98.53,882428.8800000001,711427.86,237.2,0.45,0.76,0.0596,0.03
AFKS,rsi,1D,True,Bayesian_TPE,"{""sampler"":""TPESampler"",""seed"":42,""n_trials"":50,""direction"":""maximize"",""objective"":""composite = Sharpe * (Return% / MaxDD%)""}",3,0.86,"{""rsi_lower"":21,""rsi_upper"":69,""rsi_window"":23,""allowshort"":true}",2014-01-01,2024-12-31,2025-01-01,2026-04-20,2014-01-01,2026-04-20,34,3,3,0,100.0,603590.6,0.0,1285.0,,98.53,698452.9999999999,435925.52200000023,181.08,0.47,0.79,0.0637,0.03,0,0,0,0,0.0,0.0,0.0,0.0,,0.0,0.0,0.0,0.0,,,0.0,,34,3,3,0,100.0,738869.26,0.0,1443.33,,98.53,841761.4900000002,676393.2800000001,221.66,0.45,0.75,0.0596,0.03
AFKS,rsi,1D,True,Bayesian_TPE,"{""sampler"":""TPESampler"",""seed"":42,""n_trials"":50,""direction"":""maximize"",""objective"":""composite = Sharpe * (Return% / MaxDD%)""}",4,0.742,"{""rsi_lower"":21,""rsi_upper"":63,""rsi_window"":26,""allowshort"":true}",2014-01-01,2024-12-31,2025-01-01,2026-04-20,2014-01-01,2026-04-20,55,3,3,0,100.0,566679.46,0.0,1280.33,,104.92,708838.84,335258.6720000003,170.0,0.46,1.39,0.345,0.15,4,1,1,0,100.0,255836.37,0.0,425.0,,17.09,255836.3669999999,255836.3669999999,25.58,0.67,0.93,0.0161,0.06,59,3,3,0,100.0,708279.4,0.0,1438.67,,104.92,760058.4800000002,655940.8800000001,212.48,0.43,1.31,0.3217,0.13
AFKS,rsi,1D,True,Bayesian_TPE,"{""sampler"":""TPESampler"",""seed"":42,""n_trials"":50,""direction"":""maximize"",""objective"":""composite = Sharpe * (Return% / MaxDD%)""}",5,0.72,"{""rsi_lower"":17,""rsi_upper"":57,""rsi_window"":23,""allowshort"":true}",2014-01-01,2024-12-31,2025-01-01,2026-04-20,2014-01-01,2026-04-20,61,1,1,0,100.0,659517.8,0.0,3821.0,,37.08,659517.8039999999,659517.8039999999,65.95,0.4,0.67,0.0086,0.01,12,1,1,0,100.0,153914.66,0.0,465.0,,36.72,153914.66000000003,153914.66000000003,15.39,0.42,0.58,0.0229,0.03,73,1,1,0,100.0,730783.98,0.0,4296.0,,37.08,730783.98,730783.98,73.08,0.4,0.66,0.0081,0.01
AFKS,macd,1D,True,Bayesian_TPE,"{""sampler"":""TPESampler"",""seed"":42,""n_trials"":50,""direction"":""maximize"",""objective"":""composite = Sharpe * (Return% / MaxDD%)""}",1,2.894,"{""macd_fast"":13,""macd_slow"":47,""macd_signal"":5,""allowshort"":true}",2014-01-01,2024-12-31,2025-01-01,2026-04-20,2014-01-01,2026-04-20,198,198,80,117,40.4,230421.53,-124374.96,20.18,,75.64,1195184.568,-1075971.7860000003,388.19,0.56,0.67,0.0279,0.02,30,30,12,18,40.0,74349.83,-33549.93,15.1,,32.13,230528.87699999992,-84968.89499999996,28.83,0.66,0.91,0.0192,0.04,228,228,92,135,40.35,242597.54,-128517.9,19.61,,75.64,1195184.568,-1075971.7860000003,496.91,0.56,0.67,0.027,0.02
AFKS,macd,1D,True,Bayesian_TPE,"{""sampler"":""TPESampler"",""seed"":42,""n_trials"":50,""direction"":""maximize"",""objective"":""composite = Sharpe * (Return% / MaxDD%)""}",2,2.848,"{""macd_fast"":13,""macd_slow"":48,""macd_signal"":5,""allowshort"":true}",2014-01-01,2024-12-31,2025-01-01,2026-04-20,2014-01-01,2026-04-20,200,200,80,119,40.0,226022.12,-119715.12,19.98,,75.69,1129909.48,-1161360.39,383.57,0.56,0.67,0.0279,0.02,30,30,13,17,43.33,71606.12,-35747.31,15.1,,32.13,239021.75399999996,-84968.89499999996,32.32,0.71,0.98,0.0191,0.04,230,230,93,136,40.43,237718.21,-125258.4,19.43,,75.69,1129909.48,-1161360.39,507.27,0.56,0.68,0.0269,0.02
AFKS,macd,1D,True,Bayesian_TPE,"{""sampler"":""TPESampler"",""seed"":42,""n_trials"":50,""direction"":""maximize"",""objective"":""composite = Sharpe * (Return% / MaxDD%)""}",3,1.754,"{""macd_fast"":12,""macd_slow"":45,""macd_signal"":5,""allowshort"":true}",2014-01-01,2024-12-31,2025-01-01,2026-04-20,2014-01-01,2026-04-20,206,206,82,123,39.81,158119.23,-84829.38,19.42,,72.45,845945.0,-720666.4990000004,253.18,0.5,0.57,0.0285,0.02,38,38,12,26,31.58,64244.14,-29452.67,11.95,,36.04,197475.1499999999,-71408.24999999997,0.52,0.16,0.23,0.0193,0.01,244,244,94,149,38.52,162406.23,-86952.48,18.34,,72.45,845945.0,-720666.4990000004,231.03,0.46,0.52,0.0275,0.02
AFKS,macd,1D,True,Bayesian_TPE,"{""sampler"":""TPESampler"",""seed"":42,""n_trials"":50,""direction"":""maximize"",""objective"":""composite = Sharpe * (Return% / MaxDD%)""}",4,1.725,"{""macd_fast"":12,""macd_slow"":48,""macd_signal"":6,""allowshort"":true}",2014-01-01,2024-12-31,2025-01-01,2026-04-20,2014-01-01,2026-04-20,192,192,79,112,41.15,167251.86,-93381.2,20.81,,83.64,840544.4519999999,-818936.58,275.42,0.52,0.6,0.0287,0.02,30,30,13,17,43.33,71211.74,-36488.97,15.1,,32.45,237880.66399999996,-84968.89499999996,30.54,0.69,0.95,0.0191,0.04,222,222,92,129,41.44,177394.24,-98208.59,20.14,,83.64,847588.7339999998,-818936.58,365.14,0.53,0.6,0.0277,0.02
AFKS,macd,1D,True,Bayesian_TPE,"{""sampler"":""TPESampler"",""seed"":42,""n_trials"":50,""direction"":""maximize"",""objective"":""composite = Sharpe * (Return% / MaxDD%)""}",5,1.725,"{""macd_fast"":12,""macd_slow"":48,""macd_signal"":6,""allowshort"":true}",2014-01-01,2024-12-31,2025-01-01,2026-04-20,2014-01-01,2026-04-20,192,192,79,112,41.15,167251.86,-93381.2,20.81,,83.64,840544.4519999999,-818936.58,275.42,0.52,0.6,0.0287,0.02,30,30,13,17,43.33,71211.74,-36488.97,15.1,,32.45,237880.66399999996,-84968.89499999996,30.54,0.69,0.95,0.0191,0.04,222,222,92,129,41.44,177394.24,-98208.59,20.14,,83.64,847588.7339999998,-818936.58,365.14,0.53,0.6,0.0277,0.02
AFKS,breakout_pivot,1D,False,Bayesian_TPE,"{""sampler"":""TPESampler"",""seed"":42,""n_trials"":50,""direction"":""maximize"",""objective"":""composite = Sharpe * (Return% / MaxDD%)""}",1,12.79,"{""lookback"":197,""pivot_window"":4,""min_touches"":5,""tolerance_atr_mult"":1.0,""cluster_atr_mult"":0.8500000000000001,""confirmation_bars"":3,""cooldown_bars"":15,""allowshort"":false}",2014-01-01,2024-12-31,2025-01-01,2026-04-20,2014-01-01,2026-04-20,60,14,8,6,57.14,904268.08,-303800.31,111.43,,40.7,2702366.144000001,-710295.4079999995,541.13,0.96,0.98,0.0124,0.03,13,4,0,4,0.0,0.0,-71633.85,50.75,,40.52,-4280.880000000004,-152987.80199999994,-28.65,-0.85,-0.7,0.0135,-0.03,73,18,7,11,38.89,972600.37,-343328.51,99.94,,53.88,2702366.144000001,-864495.1479999997,303.16,0.65,0.64,0.0127,0.02
AFKS,breakout_pivot,1D,False,Bayesian_TPE,"{""sampler"":""TPESampler"",""seed"":42,""n_trials"":50,""direction"":""maximize"",""objective"":""composite = Sharpe * (Return% / MaxDD%)""}",2,12.574,"{""lookback"":238,""pivot_window"":4,""min_touches"":5,""tolerance_atr_mult"":1.0,""cluster_atr_mult"":0.7,""confirmation_bars"":3,""cooldown_bars"":14,""allowshort"":false}",2014-01-01,2024-12-31,2025-01-01,2026-04-20,2014-01-01,2026-04-20,65,12,8,4,66.67,739886.3,-169225.61,109.42,,40.65,2356606.3200000003,-273084.30000000005,524.22,0.97,0.91,0.012,0.03,15,5,0,5,0.0,0.0,-69317.8,36.2,,42.66,-3920.560000000003,-152987.80199999994,-34.66,-1.18,-0.92,0.0127,-0.04,80,17,7,10,41.18,820651.74,-314974.12,90.0,,52.23,2356606.3200000003,-841687.1319999998,259.48,0.62,0.56,0.0122,0.01
AFKS,breakout_pivot,1D,False,Bayesian_TPE,"{""sampler"":""TPESampler"",""seed"":42,""n_trials"":50,""direction"":""maximize"",""objective"":""composite = Sharpe * (Return% / MaxDD%)""}",3,12.436,"{""lookback"":244,""pivot_window"":4,""min_touches"":5,""tolerance_atr_mult"":0.95,""cluster_atr_mult"":0.7,""confirmation_bars"":3,""cooldown_bars"":13,""allowshort"":false}",2014-01-01,2024-12-31,2025-01-01,2026-04-20,2014-01-01,2026-04-20,64,12,8,4,66.67,731063.78,-169907.08,108.83,,40.65,2394563.1440000003,-277483.60000000003,516.89,0.98,0.91,0.0118,0.03,15,5,0,5,0.0,0.0,-69317.8,36.2,,42.66,-3920.560000000003,-152987.80199999994,-34.66,-1.18,-0.92,0.0127,-0.04,79,17,7,10,41.18,810861.67,-312342.75,89.59,,52.23,2394563.1440000003,-831803.1259999997,255.26,0.62,0.56,0.0121,0.01
AFKS,breakout_pivot,1D,False,Bayesian_TPE,"{""sampler"":""TPESampler"",""seed"":42,""n_trials"":50,""direction"":""maximize"",""objective"":""composite = Sharpe * (Return% / MaxDD%)""}",4,9.616,"{""lookback"":216,""pivot_window"":3,""min_touches"":5,""tolerance_atr_mult"":1.0,""cluster_atr_mult"":0.7,""confirmation_bars"":3,""cooldown_bars"":15,""allowshort"":false}",2014-01-01,2024-12-31,2025-01-01,2026-04-20,2014-01-01,2026-04-20,88,23,10,13,43.48,524457.68,-104772.66,69.61,,34.6,1914782.5200000005,-376319.6159999996,388.25,0.86,0.88,0.012,0.03,17,5,1,4,20.0,6128.44,-63818.64,49.0,,40.52,6128.442000000011,-152987.80199999994,-24.91,-0.67,-0.6,0.0141,-0.02,105,28,10,18,35.71,494657.51,-150857.49,67.21,,49.09,1914782.5200000005,-658352.5299999998,223.11,0.57,0.57,0.0124,0.01
AFKS,breakout_pivot,1D,False,Bayesian_TPE,"{""sampler"":""TPESampler"",""seed"":42,""n_trials"":50,""direction"":""maximize"",""objective"":""composite = Sharpe * (Return% / MaxDD%)""}",5,8.876,"{""lookback"":262,""pivot_window"":4,""min_touches"":5,""tolerance_atr_mult"":1.1,""cluster_atr_mult"":0.7,""confirmation_bars"":3,""cooldown_bars"":17,""allowshort"":false}",2014-01-01,2024-12-31,2025-01-01,2026-04-20,2014-01-01,2026-04-20,67,13,9,4,69.23,515791.66,-152658.03,95.15,,40.65,1693277.2499999995,-280517.00000000006,403.15,0.9,0.79,0.0116,0.03,16,6,0,6,0.0,0.0,-57183.71,36.0,,42.56,-1620.1349999999743,-152987.80199999994,-34.31,-1.1,-0.92,0.0134,-0.03,83,19,8,11,42.11,562680.92,-235308.26,78.37,,52.15,1693277.2499999995,-678437.3199999997,191.31,0.54,0.47,0.012,0.01
AFKS,breakout_ols,1D,True,Bayesian_TPE,"{""sampler"":""TPESampler"",""seed"":42,""n_trials"":50,""direction"":""maximize"",""objective"":""composite = Sharpe * (Return% / MaxDD%)""}",1,21.045,"{""lookback"":217,""pivot_window"":3,""min_touches"":5,""tolerance_atr_mult"":0.9000000000000001,""cluster_atr_mult"":0.7,""confirmation_bars"":3,""cooldown_bars"":5,""allowshort"":true}",2014-01-01,2024-12-31,2025-01-01,2026-04-20,2014-01-01,2026-04-20,93,16,10,6,62.5,902189.91,-224726.47,124.56,,34.42,3014172.8300000005,-816309.0260000004,767.35,0.94,1.04,0.0151,0.04,22,5,0,5,0.0,0.0,-73159.93,57.2,,43.27,-29072.24399999997,-162930.28499999997,-36.58,-0.98,-1.01,0.0158,-0.04,115,21,9,12,42.86,921102.97,-370147.47,110.24,,53.1,3014172.8300000005,-1245534.5699999996,384.82,0.64,0.7,0.0153,0.02
AFKS,breakout_ols,1D,False,Bayesian_TPE,"{""sampler"":""TPESampler"",""seed"":42,""n_trials"":50,""direction"":""maximize"",""objective"":""composite = Sharpe * (Return% / MaxDD%)""}",2,13.407,"{""lookback"":242,""pivot_window"":3,""min_touches"":5,""tolerance_atr_mult"":1.05,""cluster_atr_mult"":0.5,""confirmation_bars"":1,""cooldown_bars"":6,""allowshort"":false}",2014-01-01,2024-12-31,2025-01-01,2026-04-20,2014-01-01,2026-04-20,109,18,10,8,55.56,755657.62,-136970.94,115.44,,41.49,2625791.168,-355572.4799999997,646.08,0.86,0.97,0.0157,0.03,25,10,1,9,10.0,5339.95,-52965.46,23.3,,53.09,5339.952000000005,-144538.562,-47.13,-1.58,-1.45,0.0144,-0.04,134,28,11,17,39.29,690583.35,-273663.16,82.54,,59.84,2625791.168,-1078374.402,294.41,0.56,0.62,0.0155,0.01
AFKS,breakout_ols,1D,False,Bayesian_TPE,"{""sampler"":""TPESampler"",""seed"":42,""n_trials"":50,""direction"":""maximize"",""objective"":""composite = Sharpe * (Return% / MaxDD%)""}",3,11.766,"{""lookback"":193,""pivot_window"":4,""min_touches"":5,""tolerance_atr_mult"":1.05,""cluster_atr_mult"":0.9000000000000001,""confirmation_bars"":2,""cooldown_bars"":5,""allowshort"":false}",2014-01-01,2024-12-31,2025-01-01,2026-04-20,2014-01-01,2026-04-20,91,18,10,8,55.56,699693.71,-158989.72,108.72,,42.38,2260139.574,-639197.137,572.5,0.87,0.92,0.0145,0.03,18,5,0,5,0.0,0.0,-55367.6,51.4,,39.91,-17948.11199999992,-109800.18000000008,-27.68,-0.68,-0.69,0.0155,-0.03,109,23,9,14,39.13,717253.29,-216642.3,97.78,,43.09,2260139.574,-671460.1200000005,342.23,0.62,0.66,0.0148,0.02
AFKS,breakout_ols,1D,False,Bayesian_TPE,"{""sampler"":""TPESampler"",""seed"":42,""n_trials"":50,""direction"":""maximize"",""objective"":""composite = Sharpe * (Return% / MaxDD%)""}",4,11.649,"{""lookback"":195,""pivot_window"":4,""min_touches"":5,""tolerance_atr_mult"":1.0,""cluster_atr_mult"":0.8,""confirmation_bars"":3,""cooldown_bars"":10,""allowshort"":false}",2014-01-01,2024-12-31,2025-01-01,2026-04-20,2014-01-01,2026-04-20,69,15,9,6,60.0,784257.87,-196339.93,132.93,,44.32,2337795.9150000005,-481034.41100000014,588.03,0.88,0.94,0.0146,0.03,15,4,0,4,0.0,0.0,-100972.76,65.25,,46.68,-68821.18099999997,-162930.28499999997,-40.39,-1.24,-1.2,0.0146,-0.04,84,19,8,10,42.11,780259.6,-362726.25,120.58,,52.53,2337795.9150000005,-988017.3449999996,261.48,0.55,0.59,0.0147,0.02
AFKS,breakout_ols,1D,False,Bayesian_TPE,"{""sampler"":""TPESampler"",""seed"":42,""n_trials"":50,""direction"":""maximize"",""objective"":""composite = Sharpe * (Return% / MaxDD%)""}",5,9.347,"{""lookback"":183,""pivot_window"":3,""min_touches"":5,""tolerance_atr_mult"":1.05,""cluster_atr_mult"":0.3,""confirmation_bars"":2,""cooldown_bars"":4,""allowshort"":false}",2014-01-01,2024-12-31,2025-01-01,2026-04-20,2014-01-01,2026-04-20,88,16,10,6,62.5,655101.46,-192376.91,125.69,,43.94,1773065.977,-420402.24,539.68,0.76,0.78,0.017,0.03,14,5,0,5,0.0,0.0,-58649.0,51.8,,41.27,-24230.96899999998,-109800.18000000008,-29.32,-0.74,-0.75,0.0154,-0.03,102,20,10,10,50.0,604071.84,-236729.82,115.8,,43.94,1773065.977,-539674.4610000004,367.34,0.59,0.61,0.017,0.02
AFKS,retest_pivot,1D,True,Bayesian_TPE,"{""sampler"":""TPESampler"",""seed"":42,""n_trials"":50,""direction"":""maximize"",""objective"":""composite = Sharpe * (Return% / MaxDD%)""}",1,38.263,"{""lookback"":198,""pivot_window"":5,""min_touches"":4,""tolerance_atr_mult"":0.6000000000000001,""cluster_atr_mult"":1.1500000000000001,""confirmation_bars"":1,""cooldown_bars"":4,""retest_window"":17,""cancel_atr_mult"":0.5,""allowshort"":true}",2014-01-01,2024-12-31,2025-01-01,2026-04-20,2014-01-01,2026-04-20,67,10,6,4,60.0,1387535.82,-111057.2,145.1,,24.84,3261067.264,-268074.18899999926,788.1,1.21,1.19,0.0113,0.05,11,3,0,3,0.0,0.0,-114385.48,109.67,,36.51,-67008.38400000006,-183625.13699999996,-34.32,-0.93,-1.09,0.0154,-0.04,78,13,6,7,46.15,1387535.82,-498832.57,136.92,,47.33,3261067.264,-1630792.9349999996,483.34,0.84,0.84,0.0119,0.02
AFKS,retest_pivot,1D,True,Bayesian_TPE,"{""sampler"":""TPESampler"",""seed"":42,""n_trials"":50,""direction"":""maximize"",""objective"":""composite = Sharpe * (Return% / MaxDD%)""}",2,25.775,"{""lookback"":182,""pivot_window"":4,""min_touches"":4,""tolerance_atr_mult"":0.8500000000000001,""cluster_atr_mult"":1.1500000000000001,""confirmation_bars"":1,""cooldown_bars"":4,""retest_window"":15,""cancel_atr_mult"":0.6,""allowshort"":true}",2014-01-01,2024-12-31,2025-01-01,2026-04-20,2014-01-01,2026-04-20,108,19,10,9,52.63,744084.7,-81373.8,84.68,,26.86,2166597.328,-224785.89599999983,670.85,1.03,1.07,0.0126,0.05,18,7,1,6,14.29,3355.88,-48323.29,30.29,,40.18,3355.87999999999,-113705.05199999992,-28.66,-0.86,-0.74,0.0134,-0.03,126,26,11,15,42.31,631719.14,-187850.22,70.92,,40.18,2166597.328,-817821.7919999994,413.12,0.74,0.74,0.0128,0.02
AFKS,retest_pivot,1D,True,Bayesian_TPE,"{""sampler"":""TPESampler"",""seed"":42,""n_trials"":50,""direction"":""maximize"",""objective"":""composite = Sharpe * (Return% / MaxDD%)""}",3,23.54,"{""lookback"":255,""pivot_window"":4,""min_touches"":4,""tolerance_atr_mult"":0.95,""cluster_atr_mult"":1.1500000000000001,""confirmation_bars"":1,""cooldown_bars"":5,""retest_window"":15,""cancel_atr_mult"":0.7,""allowshort"":true}",2014-01-01,2024-12-31,2025-01-01,2026-04-20,2014-01-01,2026-04-20,129,28,15,13,53.57,636530.56,-145122.15,62.11,,34.63,2457186.242000001,-311861.4039999998,766.14,1.06,1.15,0.0129,0.04,22,7,1,6,14.29,3236.57,-52529.72,27.43,,39.41,3236.5739999999905,-156033.7649999999,-31.19,-0.96,-0.79,0.0135,-0.03,151,35,16,19,45.71,562140.44,-233353.67,55.83,,39.41,2457186.242000001,-1260992.6099999992,456.05,0.76,0.78,0.0131,0.03
AFKS,retest_pivot,1D,True,Bayesian_TPE,"{""sampler"":""TPESampler"",""seed"":42,""n_trials"":50,""direction"":""maximize"",""objective"":""composite = Sharpe * (Return% / MaxDD%)""}",4,22.806,"{""lookback"":267,""pivot_window"":4,""min_touches"":4,""tolerance_atr_mult"":0.9000000000000001,""cluster_atr_mult"":1.1,""confirmation_bars"":1,""cooldown_bars"":5,""retest_window"":16,""cancel_atr_mult"":0.7,""allowshort"":true}",2014-01-01,2024-12-31,2025-01-01,2026-04-20,2014-01-01,2026-04-20,127,28,15,13,53.57,548171.49,-118607.68,57.79,,30.29,2090730.6280000005,-247323.8449999996,668.07,1.03,1.07,0.0125,0.04,21,7,1,6,14.29,3398.92,-46805.14,27.29,,39.41,3398.91599999999,-113705.05199999992,-27.74,-0.83,-0.69,0.0133,-0.03,148,35,16,19,45.71,483294.93,-187078.23,52.34,,39.41,2090730.6280000005,-814871.4479999994,417.82,0.75,0.74,0.0127,0.02
AFKS,retest_pivot,1D,True,Bayesian_TPE,"{""sampler"":""TPESampler"",""seed"":42,""n_trials"":50,""direction"":""maximize"",""objective"":""composite = Sharpe * (Return% / MaxDD%)""}",5,21.171,"{""lookback"":188,""pivot_window"":4,""min_touches"":4,""tolerance_atr_mult"":0.6000000000000001,""cluster_atr_mult"":1.1500000000000001,""confirmation_bars"":1,""cooldown_bars"":5,""retest_window"":18,""cancel_atr_mult"":0.8,""allowshort"":true}",2014-01-01,2024-12-31,2025-01-01,2026-04-20,2014-01-01,2026-04-20,80,16,10,6,62.5,824499.26,-217690.17,105.44,,33.07,2404079.552,-958810.0319999998,693.89,1.01,0.99,0.0132,0.04,14,3,0,3,0.0,0.0,-115128.72,110.0,,36.73,-69858.56700000002,-183004.67699999997,-34.54,-0.94,-1.1,0.0154,-0.04,94,19,10,9,52.63,771349.64,-429394.27,107.37,,40.56,2404079.552,-1355581.0079999997,384.89,0.69,0.7,0.0136,0.02
AFKS,retest_ols,1D,True,Bayesian_TPE,"{""sampler"":""TPESampler"",""seed"":42,""n_trials"":50,""direction"":""maximize"",""objective"":""composite = Sharpe * (Return% / MaxDD%)""}",1,28.407,"{""lookback"":205,""pivot_window"":7,""min_touches"":4,""tolerance_atr_mult"":0.75,""cluster_atr_mult"":0.45,""confirmation_bars"":2,""cooldown_bars"":12,""retest_window"":35,""cancel_atr_mult"":1.4,""allowshort"":true}",2014-01-01,2024-12-31,2025-01-01,2026-04-20,2014-01-01,2026-04-20,51,11,8,3,72.73,1003430.35,-330638.19,149.18,,26.03,2670597.095999999,-869250.9000000005,703.55,1.05,1.1,0.0126,0.05,9,2,0,2,0.0,0.0,-110937.7,92.5,,23.84,-105312.30600000008,-116563.10000000002,-22.19,-0.62,-0.51,0.0133,-0.03,60,13,8,5,61.54,1003430.35,-554963.54,140.46,,37.0,2670597.095999999,-936656.3000000002,525.26,0.82,0.82,0.0127,0.03
AFKS,retest_ols,1D,True,Bayesian_TPE,"{""sampler"":""TPESampler"",""seed"":42,""n_trials"":50,""direction"":""maximize"",""objective"":""composite = Sharpe * (Return% / MaxDD%)""}",2,23.189,"{""lookback"":208,""pivot_window"":7,""min_touches"":2,""tolerance_atr_mult"":0.8500000000000001,""cluster_atr_mult"":0.65,""confirmation_bars"":2,""cooldown_bars"":13,""retest_window"":23,""cancel_atr_mult"":0.8,""allowshort"":true}",2014-01-01,2024-12-31,2025-01-01,2026-04-20,2014-01-01,2026-04-20,71,14,9,5,64.29,1271447.31,-522160.06,126.36,,40.64,4118434.124999999,-1192953.7599999998,883.22,1.07,1.06,0.0137,0.04,15,4,0,4,0.0,0.0,-69924.56,64.0,,38.48,-32546.184000000005,-130905.65699999992,-27.97,-0.69,-0.7,0.0154,-0.03,86,18,9,9,50.0,1271447.31,-595652.88,112.5,,41.68,4118434.124999999,-1287106.289999999,608.21,0.81,0.8,0.014,0.03
AFKS,retest_ols,1D,True,Bayesian_TPE,"{""sampler"":""TPESampler"",""seed"":42,""n_trials"":50,""direction"":""maximize"",""objective"":""composite = Sharpe * (Return% / MaxDD%)""}",3,18.758,"{""lookback"":199,""pivot_window"":7,""min_touches"":4,""tolerance_atr_mult"":0.8,""cluster_atr_mult"":0.5,""confirmation_bars"":2,""cooldown_bars"":12,""retest_window"":39,""cancel_atr_mult"":1.0,""allowshort"":true}",2014-01-01,2024-12-31,2025-01-01,2026-04-20,2014-01-01,2026-04-20,48,9,6,3,66.67,1529114.72,-340329.22,211.56,,44.38,4088271.5099999993,-869848.6280000001,815.37,1.02,1.08,0.014,0.03,8,2,0,2,0.0,0.0,-110937.7,92.5,,23.84,-105312.30600000008,-116563.10000000002,-22.19,-0.62,-0.51,0.0133,-0.03,56,11,6,5,54.55,1529114.72,-610397.23,189.91,,44.38,4088271.5099999993,-1066994.4,612.27,0.82,0.84,0.0139,0.03
AFKS,retest_ols,1D,True,Bayesian_TPE,"{""sampler"":""TPESampler"",""seed"":42,""n_trials"":50,""direction"":""maximize"",""objective"":""composite = Sharpe * (Return% / MaxDD%)""}",4,17.721,"{""lookback"":204,""pivot_window"":6,""min_touches"":5,""tolerance_atr_mult"":0.75,""cluster_atr_mult"":0.45,""confirmation_bars"":2,""cooldown_bars"":15,""retest_window"":35,""cancel_atr_mult"":1.6,""allowshort"":true}",2014-01-01,2024-12-31,2025-01-01,2026-04-20,2014-01-01,2026-04-20,52,12,8,3,66.67,912749.69,-294114.6,142.33,,33.98,2569584.5700000003,-827792.2000000005,641.97,0.94,1.02,0.0139,0.04,9,2,0,2,0.0,0.0,-153320.18,136.5,,35.8,-46821.69999999997,-259818.652,-30.66,-0.86,-0.9,0.0145,-0.03,61,14,8,5,57.14,912749.69,-631507.26,141.5,,43.86,2569584.5700000003,-1927787.78,414.45,0.7,0.75,0.014,0.02
AFKS,retest_ols,1D,True,Bayesian_TPE,"{""sampler"":""TPESampler"",""seed"":42,""n_trials"":50,""direction"":""maximize"",""objective"":""composite = Sharpe * (Return% / MaxDD%)""}",5,17.281,"{""lookback"":206,""pivot_window"":6,""min_touches"":5,""tolerance_atr_mult"":0.7,""cluster_atr_mult"":0.45,""confirmation_bars"":2,""cooldown_bars"":15,""retest_window"":35,""cancel_atr_mult"":2.2,""allowshort"":true}",2014-01-01,2024-12-31,2025-01-01,2026-04-20,2014-01-01,2026-04-20,52,12,8,3,66.67,886650.16,-266480.78,140.17,,33.98,2278637.3610000005,-745734.9000000005,629.38,0.93,1.02,0.0139,0.04,8,2,0,2,0.0,0.0,-153320.18,136.5,,35.8,-46821.69999999997,-259818.652,-30.66,-0.86,-0.9,0.0145,-0.03,60,14,8,5,57.14,886650.16,-607206.11,139.64,,43.86,2278637.3610000005,-1895077.876,405.72,0.69,0.75,0.014,0.02
AFKS,obv,1D,True,Bayesian_TPE,"{""sampler"":""TPESampler"",""seed"":42,""n_trials"":50,""direction"":""maximize"",""objective"":""composite = Sharpe * (Return% / MaxDD%)""}",1,56.979,"{""obv_ema_window"":23,""confirmation_bars"":5,""allowshort"":true}",2014-01-01,2024-12-31,2025-01-01,2026-04-20,2014-01-01,2026-04-20,951,205,71,134,34.63,656854.0,-117510.35,19.56,,52.75,6953112.199999997,-1141697.4920000006,3089.02,0.97,1.43,0.0258,0.05,127,30,12,18,40.0,53863.07,-33274.66,15.07,,34.11,127285.79999999994,-152140.86000000002,4.74,0.24,0.31,0.0189,0.01,1078,235,83,152,35.32,767883.21,-220843.82,19.08,,52.75,4818097.748,-4527032.040000001,3016.6,0.88,1.28,0.0251,0.04
AFKS,obv,1D,True,Bayesian_TPE,"{""sampler"":""TPESampler"",""seed"":42,""n_trials"":50,""direction"":""maximize"",""objective"":""composite = Sharpe * (Return% / MaxDD%)""}",2,56.979,"{""obv_ema_window"":23,""confirmation_bars"":5,""allowshort"":true}",2014-01-01,2024-12-31,2025-01-01,2026-04-20,2014-01-01,2026-04-20,951,205,71,134,34.63,656854.0,-117510.35,19.56,,52.75,6953112.199999997,-1141697.4920000006,3089.02,0.97,1.43,0.0258,0.05,127,30,12,18,40.0,53863.07,-33274.66,15.07,,34.11,127285.79999999994,-152140.86000000002,4.74,0.24,0.31,0.0189,0.01,1078,235,83,152,35.32,767883.21,-220843.82,19.08,,52.75,4818097.748,-4527032.040000001,3016.6,0.88,1.28,0.0251,0.04
AFKS,obv,1D,True,Bayesian_TPE,"{""sampler"":""TPESampler"",""seed"":42,""n_trials"":50,""direction"":""maximize"",""objective"":""composite = Sharpe * (Return% / MaxDD%)""}",3,56.979,"{""obv_ema_window"":23,""confirmation_bars"":5,""allowshort"":true}",2014-01-01,2024-12-31,2025-01-01,2026-04-20,2014-01-01,2026-04-20,951,205,71,134,34.63,656854.0,-117510.35,19.56,,52.75,6953112.199999997,-1141697.4920000006,3089.02,0.97,1.43,0.0258,0.05,127,30,12,18,40.0,53863.07,-33274.66,15.07,,34.11,127285.79999999994,-152140.86000000002,4.74,0.24,0.31,0.0189,0.01,1078,235,83,152,35.32,767883.21,-220843.82,19.08,,52.75,4818097.748,-4527032.040000001,3016.6,0.88,1.28,0.0251,0.04
AFKS,obv,1D,True,Bayesian_TPE,"{""sampler"":""TPESampler"",""seed"":42,""n_trials"":50,""direction"":""maximize"",""objective"":""composite = Sharpe * (Return% / MaxDD%)""}",4,34.354,"{""obv_ema_window"":22,""confirmation_bars"":5,""allowshort"":true}",2014-01-01,2024-12-31,2025-01-01,2026-04-20,2014-01-01,2026-04-20,977,213,71,142,33.33,467230.02,-89249.73,18.82,,52.75,4687671.799999998,-746766.1740000003,2049.99,0.88,1.3,0.0259,0.04,128,30,12,18,40.0,53887.99,-33274.92,15.07,,34.11,127285.79999999994,-152140.86000000002,4.77,0.25,0.31,0.0189,0.01,1105,243,83,160,34.16,538630.03,-154304.77,18.45,,52.75,3248280.812,-3052049.4000000004,2001.75,0.8,1.17,0.0252,0.04
AFKS,obv,1D,True,Bayesian_TPE,"{""sampler"":""TPESampler"",""seed"":42,""n_trials"":50,""direction"":""maximize"",""objective"":""composite = Sharpe * (Return% / MaxDD%)""}",5,34.354,"{""obv_ema_window"":22,""confirmation_bars"":5,""allowshort"":true}",2014-01-01,2024-12-31,2025-01-01,2026-04-20,2014-01-01,2026-04-20,977,213,71,142,33.33,467230.02,-89249.73,18.82,,52.75,4687671.799999998,-746766.1740000003,2049.99,0.88,1.3,0.0259,0.04,128,30,12,18,40.0,53887.99,-33274.92,15.07,,34.11,127285.79999999994,-152140.86000000002,4.77,0.25,0.31,0.0189,0.01,1105,243,83,160,34.16,538630.03,-154304.77,18.45,,52.75,3248280.812,-3052049.4000000004,2001.75,0.8,1.17,0.0252,0.04
AFKS,vwap,1D,True,Bayesian_TPE,"{""sampler"":""TPESampler"",""seed"":42,""n_trials"":50,""direction"":""maximize"",""objective"":""composite = Sharpe * (Return% / MaxDD%)""}",1,103.242,"{""vwap_window"":65,""vwap_tol"":0.003,""vwap_mode"":""rolling"",""allowshort"":true}",2014-01-01,2024-12-31,2025-01-01,2026-04-20,2014-01-01,2026-04-20,104,89,31,58,34.83,1736094.59,-223515.2,44.08,,46.26,11099347.999999998,-1841143.4299999983,4085.51,1.17,1.93,0.0214,0.05,37,29,4,25,13.79,48679.85,-22280.39,13.34,,48.61,108685.10000000006,-52069.966000000066,-36.23,-0.94,-1.12,0.0161,-0.03,141,118,35,83,29.66,1823590.4,-447510.52,37.27,,50.74,11099347.999999998,-2260333.101000003,2668.23,0.95,1.53,0.0211,0.04
AFKS,vwap,1D,True,Bayesian_TPE,"{""sampler"":""TPESampler"",""seed"":42,""n_trials"":50,""direction"":""maximize"",""objective"":""composite = Sharpe * (Return% / MaxDD%)""}",2,58.188,"{""vwap_window"":87,""vwap_tol"":0.006,""vwap_mode"":""yearly"",""allowshort"":true}",2014-01-01,2024-12-31,2025-01-01,2026-04-20,2014-01-01,2026-04-20,111,74,22,52,29.73,1532173.65,-91845.12,54.18,,55.34,7544831.403000001,-741443.6309999999,2893.19,1.11,1.91,0.0204,0.04,28,19,4,15,21.05,59695.63,-29030.85,24.47,,32.75,113467.158,-51201.39699999999,-19.67,-0.3,-0.41,0.0189,-0.02,139,92,26,66,28.26,1605833.7,-264806.26,48.74,,55.34,8075929.665000001,-1610949.3269999998,2427.45,0.95,1.59,0.0202,0.03
AFKS,vwap,1D,True,Bayesian_TPE,"{""sampler"":""TPESampler"",""seed"":42,""n_trials"":50,""direction"":""maximize"",""objective"":""composite = Sharpe * (Return% / MaxDD%)""}",3,58.188,"{""vwap_window"":52,""vwap_tol"":0.006,""vwap_mode"":""yearly"",""allowshort"":true}",2014-01-01,2024-12-31,2025-01-01,2026-04-20,2014-01-01,2026-04-20,111,74,22,52,29.73,1532173.65,-91845.12,54.18,,55.34,7544831.403000001,-741443.6309999999,2893.19,1.11,1.91,0.0204,0.04,28,19,4,15,21.05,59695.63,-29030.85,24.47,,32.75,113467.158,-51201.39699999999,-19.67,-0.3,-0.41,0.0189,-0.02,139,92,26,66,28.26,1605833.7,-264806.26,48.74,,55.34,8075929.665000001,-1610949.3269999998,2427.45,0.95,1.59,0.0202,0.03
AFKS,vwap,1D,True,Bayesian_TPE,"{""sampler"":""TPESampler"",""seed"":42,""n_trials"":50,""direction"":""maximize"",""objective"":""composite = Sharpe * (Return% / MaxDD%)""}",4,58.188,"{""vwap_window"":47,""vwap_tol"":0.006,""vwap_mode"":""yearly"",""allowshort"":true}",2014-01-01,2024-12-31,2025-01-01,2026-04-20,2014-01-01,2026-04-20,111,74,22,52,29.73,1532173.65,-91845.12,54.18,,55.34,7544831.403000001,-741443.6309999999,2893.19,1.11,1.91,0.0204,0.04,28,19,4,15,21.05,59695.63,-29030.85,24.47,,32.75,113467.158,-51201.39699999999,-19.67,-0.3,-0.41,0.0189,-0.02,139,92,26,66,28.26,1605833.7,-264806.26,48.74,,55.34,8075929.665000001,-1610949.3269999998,2427.45,0.95,1.59,0.0202,0.03
AFKS,vwap,1D,True,Bayesian_TPE,"{""sampler"":""TPESampler"",""seed"":42,""n_trials"":50,""direction"":""maximize"",""objective"":""composite = Sharpe * (Return% / MaxDD%)""}",5,58.188,"{""vwap_window"":39,""vwap_tol"":0.006,""vwap_mode"":""yearly"",""allowshort"":true}",2014-01-01,2024-12-31,2025-01-01,2026-04-20,2014-01-01,2026-04-20,111,74,22,52,29.73,1532173.65,-91845.12,54.18,,55.34,7544831.403000001,-741443.6309999999,2893.19,1.11,1.91,0.0204,0.04,28,19,4,15,21.05,59695.63,-29030.85,24.47,,32.75,113467.158,-51201.39699999999,-19.67,-0.3,-0.41,0.0189,-0.02,139,92,26,66,28.26,1605833.7,-264806.26,48.74,,55.34,8075929.665000001,-1610949.3269999998,2427.45,0.95,1.59,0.0202,0.03
AFKS,engulfing,1D,False,Bayesian_TPE,"{""sampler"":""TPESampler"",""seed"":42,""n_trials"":50,""direction"":""maximize"",""objective"":""composite = Sharpe * (Return% / MaxDD%)""}",1,0.082,"{""doji_tol"":0.13,""wick_body_ratio"":2.4,""allowshort"":false}",2014-01-01,2024-12-31,2025-01-01,2026-04-20,2014-01-01,2026-04-20,303,74,35,39,47.3,17292.43,-30989.13,22.24,,89.25,138356.38400000002,-371854.79999999993,-60.33,-0.12,-0.08,0.0186,-0.0,55,15,8,7,53.33,86948.53,-56539.78,15.53,,14.72,175277.37999999995,-187417.94699999993,29.98,0.8,0.83,0.0148,0.08,358,89,43,46,48.31,20491.74,-29686.17,21.11,,89.25,138356.38400000002,-371854.79999999993,-48.44,-0.02,-0.02,0.0182,-0.0
AFKS,engulfing,1D,False,Bayesian_TPE,"{""sampler"":""TPESampler"",""seed"":42,""n_trials"":50,""direction"":""maximize"",""objective"":""composite = Sharpe * (Return% / MaxDD%)""}",2,0.082,"{""doji_tol"":0.12,""wick_body_ratio"":3.5,""allowshort"":false}",2014-01-01,2024-12-31,2025-01-01,2026-04-20,2014-01-01,2026-04-20,303,74,35,39,47.3,17292.43,-30989.13,22.24,,89.25,138356.38400000002,-371854.79999999993,-60.33,-0.12,-0.08,0.0186,-0.0,55,15,8,7,53.33,86948.53,-56539.78,15.53,,14.72,175277.37999999995,-187417.94699999993,29.98,0.8,0.83,0.0148,0.08,358,89,43,46,48.31,20491.74,-29686.17,21.11,,89.25,138356.38400000002,-371854.79999999993,-48.44,-0.02,-0.02,0.0182,-0.0
AFKS,engulfing,1D,False,Bayesian_TPE,"{""sampler"":""TPESampler"",""seed"":42,""n_trials"":50,""direction"":""maximize"",""objective"":""composite = Sharpe * (Return% / MaxDD%)""}",3,0.082,"{""doji_tol"":0.18,""wick_body_ratio"":1.5,""allowshort"":false}",2014-01-01,2024-12-31,2025-01-01,2026-04-20,2014-01-01,2026-04-20,303,74,35,39,47.3,17292.43,-30989.13,22.24,,89.25,138356.38400000002,-371854.79999999993,-60.33,-0.12,-0.08,0.0186,-0.0,55,15,8,7,53.33,86948.53,-56539.78,15.53,,14.72,175277.37999999995,-187417.94699999993,29.98,0.8,0.83,0.0148,0.08,358,89,43,46,48.31,20491.74,-29686.17,21.11,,89.25,138356.38400000002,-371854.79999999993,-48.44,-0.02,-0.02,0.0182,-0.0
AFKS,engulfing,1D,False,Bayesian_TPE,"{""sampler"":""TPESampler"",""seed"":42,""n_trials"":50,""direction"":""maximize"",""objective"":""composite = Sharpe * (Return% / MaxDD%)""}",4,0.082,"{""doji_tol"":0.14,""wick_body_ratio"":1.9,""allowshort"":false}",2014-01-01,2024-12-31,2025-01-01,2026-04-20,2014-01-01,2026-04-20,303,74,35,39,47.3,17292.43,-30989.13,22.24,,89.25,138356.38400000002,-371854.79999999993,-60.33,-0.12,-0.08,0.0186,-0.0,55,15,8,7,53.33,86948.53,-56539.78,15.53,,14.72,175277.37999999995,-187417.94699999993,29.98,0.8,0.83,0.0148,0.08,358,89,43,46,48.31,20491.74,-29686.17,21.11,,89.25,138356.38400000002,-371854.79999999993,-48.44,-0.02,-0.02,0.0182,-0.0
AFKS,engulfing,1D,False,Bayesian_TPE,"{""sampler"":""TPESampler"",""seed"":42,""n_trials"":50,""direction"":""maximize"",""objective"":""composite = Sharpe * (Return% / MaxDD%)""}",5,0.082,"{""doji_tol"":0.16,""wick_body_ratio"":1.7,""allowshort"":false}",2014-01-01,2024-12-31,2025-01-01,2026-04-20,2014-01-01,2026-04-20,303,74,35,39,47.3,17292.43,-30989.13,22.24,,89.25,138356.38400000002,-371854.79999999993,-60.33,-0.12,-0.08,0.0186,-0.0,55,15,8,7,53.33,86948.53,-56539.78,15.53,,14.72,175277.37999999995,-187417.94699999993,29.98,0.8,0.83,0.0148,0.08,358,89,43,46,48.31,20491.74,-29686.17,21.11,,89.25,138356.38400000002,-371854.79999999993,-48.44,-0.02,-0.02,0.0182,-0.0
AFKS,hammerdoji,1D,True,Bayesian_TPE,"{""sampler"":""TPESampler"",""seed"":42,""n_trials"":50,""direction"":""maximize"",""objective"":""composite = Sharpe * (Return% / MaxDD%)""}",1,1.854,"{""doji_tol"":0.04,""wick_body_ratio"":3.2,""allowshort"":true}",2014-01-01,2024-12-31,2025-01-01,2026-04-20,2014-01-01,2026-04-20,232,114,66,47,57.89,248978.71,-282484.51,34.99,,79.68,1541523.0199999998,-1010852.242,315.58,0.47,0.85,0.0336,0.02,36,19,11,8,57.89,65902.36,-85193.66,22.95,,33.04,252240.65600000005,-206286.07999999996,4.34,0.24,0.32,0.0194,0.01,268,133,77,55,57.89,261156.77,-297663.1,33.56,,79.68,1541523.0199999998,-1010852.242,373.76,0.46,0.82,0.0321,0.02
AFKS,hammerdoji,1D,True,Bayesian_TPE,"{""sampler"":""TPESampler"",""seed"":42,""n_trials"":50,""direction"":""maximize"",""objective"":""composite = Sharpe * (Return% / MaxDD%)""}",2,1.854,"{""doji_tol"":0.04,""wick_body_ratio"":3.2,""allowshort"":true}",2014-01-01,2024-12-31,2025-01-01,2026-04-20,2014-01-01,2026-04-20,232,114,66,47,57.89,248978.71,-282484.51,34.99,,79.68,1541523.0199999998,-1010852.242,315.58,0.47,0.85,0.0336,0.02,36,19,11,8,57.89,65902.36,-85193.66,22.95,,33.04,252240.65600000005,-206286.07999999996,4.34,0.24,0.32,0.0194,0.01,268,133,77,55,57.89,261156.77,-297663.1,33.56,,79.68,1541523.0199999998,-1010852.242,373.76,0.46,0.82,0.0321,0.02
AFKS,hammerdoji,1D,True,Bayesian_TPE,"{""sampler"":""TPESampler"",""seed"":42,""n_trials"":50,""direction"":""maximize"",""objective"":""composite = Sharpe * (Return% / MaxDD%)""}",3,1.716,"{""doji_tol"":0.04,""wick_body_ratio"":3.0,""allowshort"":true}",2014-01-01,2024-12-31,2025-01-01,2026-04-20,2014-01-01,2026-04-20,243,116,66,49,56.9,243131.74,-266247.97,34.39,,80.61,1483925.2699999998,-910279.244,300.05,0.46,0.84,0.0336,0.02,39,20,12,8,60.0,57609.82,-87856.75,21.8,,30.78,252240.65600000005,-206286.07999999996,-1.15,0.14,0.2,0.0202,0.01,282,136,78,57,57.35,249216.7,-282777.88,32.82,,80.61,1483925.2699999998,-910279.244,332.06,0.44,0.79,0.0322,0.02
AFKS,hammerdoji,1D,True,Bayesian_TPE,"{""sampler"":""TPESampler"",""seed"":42,""n_trials"":50,""direction"":""maximize"",""objective"":""composite = Sharpe * (Return% / MaxDD%)""}",4,1.716,"{""doji_tol"":0.04,""wick_body_ratio"":3.0,""allowshort"":true}",2014-01-01,2024-12-31,2025-01-01,2026-04-20,2014-01-01,2026-04-20,243,116,66,49,56.9,243131.74,-266247.97,34.39,,80.61,1483925.2699999998,-910279.244,300.05,0.46,0.84,0.0336,0.02,39,20,12,8,60.0,57609.82,-87856.75,21.8,,30.78,252240.65600000005,-206286.07999999996,-1.15,0.14,0.2,0.0202,0.01,282,136,78,57,57.35,249216.7,-282777.88,32.82,,80.61,1483925.2699999998,-910279.244,332.06,0.44,0.79,0.0322,0.02
AFKS,hammerdoji,1D,True,Bayesian_TPE,"{""sampler"":""TPESampler"",""seed"":42,""n_trials"":50,""direction"":""maximize"",""objective"":""composite = Sharpe * (Return% / MaxDD%)""}",5,1.194,"{""doji_tol"":0.04,""wick_body_ratio"":3.3,""allowshort"":true}",2014-01-01,2024-12-31,2025-01-01,2026-04-20,2014-01-01,2026-04-20,218,108,65,42,60.19,265466.42,-359547.09,36.94,,76.71,1114519.5099999998,-1749712.9740000002,215.43,0.42,0.71,0.0343,0.02,35,19,11,8,57.89,75091.8,-87220.47,22.95,,27.59,252240.65600000005,-206286.07999999996,12.82,0.39,0.53,0.0194,0.03,253,127,76,50,59.84,268344.79,-350115.77,35.15,,76.71,1114519.5099999998,-1749712.9740000002,288.84,0.43,0.72,0.0328,0.02
AFKS,harami,1D,True,Bayesian_TPE,"{""sampler"":""TPESampler"",""seed"":42,""n_trials"":50,""direction"":""maximize"",""objective"":""composite = Sharpe * (Return% / MaxDD%)""}",1,0.145,"{""doji_tol"":0.09,""wick_body_ratio"":3.4000000000000004,""allowshort"":true}",2014-01-01,2024-12-31,2025-01-01,2026-04-20,2014-01-01,2026-04-20,20,9,7,2,77.78,187024.66,-448319.65,444.11,,87.48,694877.76,-620754.7969999999,41.25,0.31,0.41,0.0348,0.01,6,1,0,1,0.0,0.0,-185170.17,339.0,,29.57,-185170.17,-185170.17,-18.52,-0.39,-0.48,0.0154,-0.02,26,10,7,3,70.0,190898.13,-387739.59,447.2,,87.48,694877.76,-620754.7969999999,17.31,0.26,0.35,0.0331,0.01
AFKS,harami,1D,True,Bayesian_TPE,"{""sampler"":""TPESampler"",""seed"":42,""n_trials"":50,""direction"":""maximize"",""objective"":""composite = Sharpe * (Return% / MaxDD%)""}",2,0.145,"{""doji_tol"":0.15,""wick_body_ratio"":1.5,""allowshort"":true}",2014-01-01,2024-12-31,2025-01-01,2026-04-20,2014-01-01,2026-04-20,20,9,7,2,77.78,187024.66,-448319.65,444.11,,87.48,694877.76,-620754.7969999999,41.25,0.31,0.41,0.0348,0.01,6,1,0,1,0.0,0.0,-185170.17,339.0,,29.57,-185170.17,-185170.17,-18.52,-0.39,-0.48,0.0154,-0.02,26,10,7,3,70.0,190898.13,-387739.59,447.2,,87.48,694877.76,-620754.7969999999,17.31,0.26,0.35,0.0331,0.01
AFKS,harami,1D,True,Bayesian_TPE,"{""sampler"":""TPESampler"",""seed"":42,""n_trials"":50,""direction"":""maximize"",""objective"":""composite = Sharpe * (Return% / MaxDD%)""}",3,0.145,"{""doji_tol"":0.18,""wick_body_ratio"":3.3,""allowshort"":true}",2014-01-01,2024-12-31,2025-01-01,2026-04-20,2014-01-01,2026-04-20,20,9,7,2,77.78,187024.66,-448319.65,444.11,,87.48,694877.76,-620754.7969999999,41.25,0.31,0.41,0.0348,0.01,6,1,0,1,0.0,0.0,-185170.17,339.0,,29.57,-185170.17,-185170.17,-18.52,-0.39,-0.48,0.0154,-0.02,26,10,7,3,70.0,190898.13,-387739.59,447.2,,87.48,694877.76,-620754.7969999999,17.31,0.26,0.35,0.0331,0.01
AFKS,harami,1D,True,Bayesian_TPE,"{""sampler"":""TPESampler"",""seed"":42,""n_trials"":50,""direction"":""maximize"",""objective"":""composite = Sharpe * (Return% / MaxDD%)""}",4,0.145,"{""doji_tol"":0.08,""wick_body_ratio"":2.6,""allowshort"":true}",2014-01-01,2024-12-31,2025-01-01,2026-04-20,2014-01-01,2026-04-20,20,9,7,2,77.78,187024.66,-448319.65,444.11,,87.48,694877.76,-620754.7969999999,41.25,0.31,0.41,0.0348,0.01,6,1,0,1,0.0,0.0,-185170.17,339.0,,29.57,-185170.17,-185170.17,-18.52,-0.39,-0.48,0.0154,-0.02,26,10,7,3,70.0,190898.13,-387739.59,447.2,,87.48,694877.76,-620754.7969999999,17.31,0.26,0.35,0.0331,0.01
AFKS,harami,1D,True,Bayesian_TPE,"{""sampler"":""TPESampler"",""seed"":42,""n_trials"":50,""direction"":""maximize"",""objective"":""composite = Sharpe * (Return% / MaxDD%)""}",5,0.145,"{""doji_tol"":0.14,""wick_body_ratio"":2.0,""allowshort"":true}",2014-01-01,2024-12-31,2025-01-01,2026-04-20,2014-01-01,2026-04-20,20,9,7,2,77.78,187024.66,-448319.65,444.11,,87.48,694877.76,-620754.7969999999,41.25,0.31,0.41,0.0348,0.01,6,1,0,1,0.0,0.0,-185170.17,339.0,,29.57,-185170.17,-185170.17,-18.52,-0.39,-0.48,0.0154,-0.02,26,10,7,3,70.0,190898.13,-387739.59,447.2,,87.48,694877.76,-620754.7969999999,17.31,0.26,0.35,0.0331,0.01
AFKS,candle_ensemble,1D,True,Bayesian_TPE,"{""sampler"":""TPESampler"",""seed"":42,""n_trials"":50,""direction"":""maximize"",""objective"":""composite = Sharpe * (Return% / MaxDD%)""}",1,0.603,"{""ensemble_window"":4,""min_votes"":2,""doji_tol"":0.05,""wick_body_ratio"":2.7,""allowshort"":true}",2014-01-01,2024-12-31,2025-01-01,2026-04-20,2014-01-01,2026-04-20,140,7,3,4,42.86,26947.34,-271738.56,60.0,,103.87,54311.59999999998,-586729.0000000001,-100.61,-0.63,-0.46,0.1753,-0.11,30,14,8,6,57.14,143138.97,-73455.37,32.43,,26.97,381251.68000000005,-247980.44599999997,70.44,1.3,1.96,0.0178,0.09,170,7,2,5,28.57,40297.07,-217396.86,50.14,,103.87,54311.59999999998,-586729.0000000001,-100.64,-0.56,-0.41,0.1636,-0.09
AFKS,candle_ensemble,1D,True,Bayesian_TPE,"{""sampler"":""TPESampler"",""seed"":42,""n_trials"":50,""direction"":""maximize"",""objective"":""composite = Sharpe * (Return% / MaxDD%)""}",2,0.565,"{""ensemble_window"":4,""min_votes"":2,""doji_tol"":0.04,""wick_body_ratio"":2.5,""allowshort"":true}",2014-01-01,2024-12-31,2025-01-01,2026-04-20,2014-01-01,2026-04-20,141,7,3,4,42.86,28436.99,-272901.42,60.0,,103.98,58772.90999999999,-586729.0000000001,-100.63,-0.59,-0.43,0.1751,-0.1,29,14,8,6,57.14,102128.24,-71000.02,32.43,,26.97,256937.72799999992,-202387.78099999996,39.1,0.84,1.26,0.0182,0.06,170,7,2,5,28.57,42527.73,-218327.32,50.14,,103.98,58772.90999999999,-586729.0000000001,-100.66,-0.53,-0.39,0.1634,-0.08
AFKS,candle_ensemble,1D,True,Bayesian_TPE,"{""sampler"":""TPESampler"",""seed"":42,""n_trials"":50,""direction"":""maximize"",""objective"":""composite = Sharpe * (Return% / MaxDD%)""}",3,0.561,"{""ensemble_window"":5,""min_votes"":2,""doji_tol"":0.05,""wick_body_ratio"":2.8,""allowshort"":true}",2014-01-01,2024-12-31,2025-01-01,2026-04-20,2014-01-01,2026-04-20,170,7,3,4,42.86,26947.34,-271738.56,60.0,,103.87,54311.59999999998,-586729.0000000001,-100.61,-0.58,-0.42,0.1752,-0.1,28,14,8,6,57.14,147629.88,-74573.18,32.43,,26.97,387787.8720000001,-252231.10999999996,73.36,1.28,1.92,0.0187,0.09,198,7,2,5,28.57,40297.07,-217396.86,50.14,,103.87,54311.59999999998,-586729.0000000001,-100.64,-0.52,-0.38,0.1635,-0.08
AFKS,candle_ensemble,1D,True,Bayesian_TPE,"{""sampler"":""TPESampler"",""seed"":42,""n_trials"":50,""direction"":""maximize"",""objective"":""composite = Sharpe * (Return% / MaxDD%)""}",4,0.557,"{""ensemble_window"":4,""min_votes"":2,""doji_tol"":0.03,""wick_body_ratio"":2.5,""allowshort"":true}",2014-01-01,2024-12-31,2025-01-01,2026-04-20,2014-01-01,2026-04-20,131,7,3,4,42.86,28436.99,-272901.42,60.0,,103.98,58772.90999999999,-586729.0000000001,-100.63,-0.58,-0.43,0.1751,-0.1,25,12,5,7,41.67,101995.56,-76298.65,37.83,,33.87,218294.67200000005,-198212.7119999999,-2.41,0.11,0.15,0.0196,0.01,156,7,2,5,28.57,42527.73,-218327.32,50.14,,103.98,58772.90999999999,-586729.0000000001,-100.66,-0.53,-0.39,0.1635,-0.08
AFKS,candle_ensemble,1D,True,Bayesian_TPE,"{""sampler"":""TPESampler"",""seed"":42,""n_trials"":50,""direction"":""maximize"",""objective"":""composite = Sharpe * (Return% / MaxDD%)""}",5,0.544,"{""ensemble_window"":4,""min_votes"":2,""doji_tol"":0.05,""wick_body_ratio"":2.0,""allowshort"":true}",2014-01-01,2024-12-31,2025-01-01,2026-04-20,2014-01-01,2026-04-20,190,10,5,5,50.0,62260.12,-263463.79,36.5,,103.6,114185.79999999996,-598655.8,-100.6,-0.56,-0.41,0.1752,-0.1,39,18,11,7,61.11,84659.99,-67512.13,25.22,,26.97,221629.8750000001,-212230.85899999997,45.87,0.89,1.25,0.0199,0.07,229,10,4,6,40.0,77681.03,-219558.35,35.9,,103.6,114185.79999999996,-598655.8,-100.66,-0.51,-0.37,0.1636,-0.08
VTBR,ema,1D,True,Bayesian_TPE,"{""sampler"":""TPESampler"",""seed"":42,""n_trials"":50,""direction"":""maximize"",""objective"":""composite = Sharpe * (Return% / MaxDD%)""}",1,5.062,"{""short_ema"":5,""long_ema"":152,""allowshort"":true}",2014-01-01,2024-12-31,2025-01-01,2026-04-20,2014-01-01,2026-04-20,34,34,13,21,38.24,395811.47,-82161.46,117.76,,43.65,1144802.4,-246112.0,342.02,0.65,1.0,0.0166,0.02,7,7,1,6,14.29,138879.12,-67202.3,64.43,,45.47,138879.125,-127131.0999999999,-26.43,-0.35,-0.38,0.022,-0.02,41,41,14,27,34.15,393237.89,-126582.43,109.24,,53.05,1144802.4,-533566.2499999995,208.76,0.46,0.65,0.0174,0.02
VTBR,ema,1D,True,Bayesian_TPE,"{""sampler"":""TPESampler"",""seed"":42,""n_trials"":50,""direction"":""maximize"",""objective"":""composite = Sharpe * (Return% / MaxDD%)""}",2,4.432,"{""short_ema"":5,""long_ema"":151,""allowshort"":true}",2014-01-01,2024-12-31,2025-01-01,2026-04-20,2014-01-01,2026-04-20,34,34,13,21,38.24,381410.15,-82157.58,117.76,,46.03,1096383.925,-235696.0,323.3,0.63,0.98,0.0166,0.02,7,7,1,6,14.29,138879.12,-67202.3,64.43,,45.47,138879.125,-127131.0999999999,-26.43,-0.35,-0.38,0.022,-0.02,41,41,14,27,34.15,378777.14,-123925.85,109.24,,53.05,1096383.925,-510980.8999999996,195.69,0.45,0.63,0.0174,0.01
VTBR,ema,1D,True,Bayesian_TPE,"{""sampler"":""TPESampler"",""seed"":42,""n_trials"":50,""direction"":""maximize"",""objective"":""composite = Sharpe * (Return% / MaxDD%)""}",3,3.551,"{""short_ema"":6,""long_ema"":142,""allowshort"":true}",2014-01-01,2024-12-31,2025-01-01,2026-04-20,2014-01-01,2026-04-20,34,34,12,22,35.29,382242.6,-76755.51,117.76,,49.13,1019719.2000000002,-220848.0,289.83,0.6,0.93,0.0166,0.02,7,7,1,6,14.29,142606.69,-64531.79,64.57,,45.21,142606.69499999998,-130541.2999999999,-24.46,-0.31,-0.33,0.022,-0.02,41,41,13,28,31.71,382294.24,-112121.8,109.24,,51.48,1019719.2000000002,-489118.0499999997,183.04,0.44,0.61,0.0174,0.01
VTBR,ema,1D,True,Bayesian_TPE,"{""sampler"":""TPESampler"",""seed"":42,""n_trials"":50,""direction"":""maximize"",""objective"":""composite = Sharpe * (Return% / MaxDD%)""}",4,2.795,"{""short_ema"":7,""long_ema"":134,""allowshort"":true}",2014-01-01,2024-12-31,2025-01-01,2026-04-20,2014-01-01,2026-04-20,36,36,12,24,33.33,354157.21,-63644.05,111.22,,57.37,977707.275,-175959.67499999993,272.24,0.59,0.91,0.0165,0.02,7,7,1,6,14.29,139602.92,-66689.84,64.57,,46.3,139602.925,-127781.3499999999,-26.05,-0.34,-0.37,0.0221,-0.02,43,43,13,30,30.23,354210.96,-98637.22,104.16,,57.37,977707.275,-457183.5499999997,164.56,0.42,0.59,0.0173,0.01
VTBR,ema,1D,True,Bayesian_TPE,"{""sampler"":""TPESampler"",""seed"":42,""n_trials"":50,""direction"":""maximize"",""objective"":""composite = Sharpe * (Return% / MaxDD%)""}",5,2.707,"{""short_ema"":6,""long_ema"":137,""allowshort"":true}",2014-01-01,2024-12-31,2025-01-01,2026-04-20,2014-01-01,2026-04-20,36,36,12,24,33.33,348942.05,-69340.39,111.22,,52.75,929194.7000000002,-199600.0,252.31,0.57,0.88,0.0166,0.02,7,7,1,6,14.29,136780.1,-68705.44,64.71,,46.36,136780.10499999998,-125209.2499999999,-27.55,-0.38,-0.41,0.0221,-0.02,43,43,13,30,30.23,343838.85,-101476.03,104.16,,53.99,929194.7000000002,-419180.0499999997,142.56,0.39,0.55,0.0174,0.01
VTBR,rsi,1D,True,Bayesian_TPE,"{""sampler"":""TPESampler"",""seed"":42,""n_trials"":50,""direction"":""maximize"",""objective"":""composite = Sharpe * (Return% / MaxDD%)""}",1,4.163,"{""rsi_lower"":23,""rsi_upper"":74,""rsi_window"":29,""allowshort"":true}",2014-01-01,2024-12-31,2025-01-01,2026-04-20,2014-01-01,2026-04-20,8,4,4,0,100.0,1071370.44,0.0,988.5,,62.69,2143018.94,362857.6,428.55,0.61,0.75,0.0222,0.02,1,1,0,1,0.0,0.0,-96930.68,60.0,,14.07,-96930.68,-96930.68,-9.69,-0.84,-0.37,0.0045,-0.03,9,4,4,0,100.0,1021999.96,0.0,1107.25,,62.69,1945537.035,362857.6,408.8,0.56,0.68,0.0207,0.02
VTBR,rsi,1D,False,Bayesian_TPE,"{""sampler"":""TPESampler"",""seed"":42,""n_trials"":50,""direction"":""maximize"",""objective"":""composite = Sharpe * (Return% / MaxDD%)""}",2,3.175,"{""rsi_lower"":19,""rsi_upper"":73,""rsi_window"":30,""allowshort"":false}",2014-01-01,2024-12-31,2025-01-01,2026-04-20,2014-01-01,2026-04-20,7,2,2,0,100.0,621879.2,0.0,340.5,,26.56,880900.8,362857.6,124.38,0.68,0.47,0.0075,0.02,1,0,0,0,0.0,0.0,0.0,0.0,,0.0,0.0,0.0,0.0,,,0.0,,8,2,2,0,100.0,621879.2,0.0,340.5,,26.56,880900.8,362857.6,124.38,0.63,0.41,0.007,0.02
VTBR,rsi,1D,False,Bayesian_TPE,"{""sampler"":""TPESampler"",""seed"":42,""n_trials"":50,""direction"":""maximize"",""objective"":""composite = Sharpe * (Return% / MaxDD%)""}",3,2.794,"{""rsi_lower"":17,""rsi_upper"":76,""rsi_window"":25,""allowshort"":false}",2014-01-01,2024-12-31,2025-01-01,2026-04-20,2014-01-01,2026-04-20,9,2,2,0,100.0,586161.7,0.0,343.5,,26.56,809465.8,362857.6,117.23,0.63,0.44,0.0078,0.02,1,0,0,0,0.0,0.0,0.0,0.0,,0.0,0.0,0.0,0.0,,,0.0,,10,2,2,0,100.0,586161.7,0.0,343.5,,26.56,809465.8,362857.6,117.23,0.59,0.38,0.0073,0.02
VTBR,rsi,1D,False,Bayesian_TPE,"{""sampler"":""TPESampler"",""seed"":42,""n_trials"":50,""direction"":""maximize"",""objective"":""composite = Sharpe * (Return% / MaxDD%)""}",4,2.794,"{""rsi_lower"":17,""rsi_upper"":77,""rsi_window"":25,""allowshort"":false}",2014-01-01,2024-12-31,2025-01-01,2026-04-20,2014-01-01,2026-04-20,8,2,2,0,100.0,586161.7,0.0,343.5,,26.56,809465.8,362857.6,117.23,0.63,0.44,0.0078,0.02,0,0,0,0,0.0,0.0,0.0,0.0,,0.0,0.0,0.0,0.0,,,0.0,,8,2,2,0,100.0,586161.7,0.0,343.5,,26.56,809465.8,362857.6,117.23,0.59,0.38,0.0073,0.02
VTBR,rsi,1D,False,Bayesian_TPE,"{""sampler"":""TPESampler"",""seed"":42,""n_trials"":50,""direction"":""maximize"",""objective"":""composite = Sharpe * (Return% / MaxDD%)""}",5,2.794,"{""rsi_lower"":17,""rsi_upper"":75,""rsi_window"":25,""allowshort"":false}",2014-01-01,2024-12-31,2025-01-01,2026-04-20,2014-01-01,2026-04-20,10,2,2,0,100.0,586161.7,0.0,343.5,,26.56,809465.8,362857.6,117.23,0.63,0.44,0.0078,0.02,3,0,0,0,0.0,0.0,0.0,0.0,,0.0,0.0,0.0,0.0,,,0.0,,13,2,2,0,100.0,586161.7,0.0,343.5,,26.56,809465.8,362857.6,117.23,0.59,0.38,0.0073,0.02
VTBR,macd,1D,True,Bayesian_TPE,"{""sampler"":""TPESampler"",""seed"":42,""n_trials"":50,""direction"":""maximize"",""objective"":""composite = Sharpe * (Return% / MaxDD%)""}",1,24.598,"{""macd_fast"":5,""macd_slow"":29,""macd_signal"":10,""allowshort"":true}",2014-01-01,2024-12-31,2025-01-01,2026-04-20,2014-01-01,2026-04-20,275,275,110,164,40.0,309146.43,-139131.16,14.56,,40.21,2648538.55,-2079869.3000000005,1118.86,0.88,1.5,0.0197,0.04,36,36,14,22,38.89,105521.43,-38053.51,12.42,,22.05,311016.1599999999,-105912.7500000002,64.01,1.1,1.79,0.0202,0.1,311,311,124,186,39.87,430685.4,-180066.06,14.4,,40.21,3965690.559999998,-2079869.3000000005,1991.27,0.92,1.56,0.0198,0.05
VTBR,macd,1D,True,Bayesian_TPE,"{""sampler"":""TPESampler"",""seed"":42,""n_trials"":50,""direction"":""maximize"",""objective"":""composite = Sharpe * (Return% / MaxDD%)""}",2,24.598,"{""macd_fast"":5,""macd_slow"":29,""macd_signal"":10,""allowshort"":true}",2014-01-01,2024-12-31,2025-01-01,2026-04-20,2014-01-01,2026-04-20,275,275,110,164,40.0,309146.43,-139131.16,14.56,,40.21,2648538.55,-2079869.3000000005,1118.86,0.88,1.5,0.0197,0.04,36,36,14,22,38.89,105521.43,-38053.51,12.42,,22.05,311016.1599999999,-105912.7500000002,64.01,1.1,1.79,0.0202,0.1,311,311,124,186,39.87,430685.4,-180066.06,14.4,,40.21,3965690.559999998,-2079869.3000000005,1991.27,0.92,1.56,0.0198,0.05
VTBR,macd,1D,True,Bayesian_TPE,"{""sampler"":""TPESampler"",""seed"":42,""n_trials"":50,""direction"":""maximize"",""objective"":""composite = Sharpe * (Return% / MaxDD%)""}",3,24.598,"{""macd_fast"":5,""macd_slow"":29,""macd_signal"":10,""allowshort"":true}",2014-01-01,2024-12-31,2025-01-01,2026-04-20,2014-01-01,2026-04-20,275,275,110,164,40.0,309146.43,-139131.16,14.56,,40.21,2648538.55,-2079869.3000000005,1118.86,0.88,1.5,0.0197,0.04,36,36,14,22,38.89,105521.43,-38053.51,12.42,,22.05,311016.1599999999,-105912.7500000002,64.01,1.1,1.79,0.0202,0.1,311,311,124,186,39.87,430685.4,-180066.06,14.4,,40.21,3965690.559999998,-2079869.3000000005,1991.27,0.92,1.56,0.0198,0.05
VTBR,macd,1D,True,Bayesian_TPE,"{""sampler"":""TPESampler"",""seed"":42,""n_trials"":50,""direction"":""maximize"",""objective"":""composite = Sharpe * (Return% / MaxDD%)""}",4,23.141,"{""macd_fast"":20,""macd_slow"":29,""macd_signal"":10,""allowshort"":true}",2014-01-01,2024-12-31,2025-01-01,2026-04-20,2014-01-01,2026-04-20,149,149,66,83,44.3,403707.02,-205936.96,26.87,,34.92,2498698.6999999997,-1758942.9,955.19,0.85,1.42,0.0196,0.05,16,16,9,7,56.25,150418.73,-65835.07,27.5,,25.71,318025.0500000001,-139659.43999999974,89.29,1.36,2.38,0.0204,0.11,165,165,75,90,45.45,553722.32,-245255.84,27.15,,34.92,3436914.910000001,-1758942.9,1945.61,0.92,1.56,0.0197,0.05
VTBR,macd,1D,True,Bayesian_TPE,"{""sampler"":""TPESampler"",""seed"":42,""n_trials"":50,""direction"":""maximize"",""objective"":""composite = Sharpe * (Return% / MaxDD%)""}",5,22.261,"{""macd_fast"":20,""macd_slow"":32,""macd_signal"":9,""allowshort"":true}",2014-01-01,2024-12-31,2025-01-01,2026-04-20,2014-01-01,2026-04-20,151,151,66,85,43.71,388286.54,-192360.09,26.52,,34.92,2381881.6999999997,-1676727.6,927.63,0.84,1.41,0.0196,0.05,16,16,10,6,62.5,130298.78,-77747.02,27.5,,25.71,304645.9900000001,-135500.51999999976,83.65,1.3,2.28,0.0204,0.1,167,167,76,91,45.51,520898.65,-233627.02,26.82,,34.92,3206289.5500000007,-1676727.6,1832.82,0.9,1.53,0.0197,0.05
VTBR,breakout_pivot,1D,True,Bayesian_TPE,"{""sampler"":""TPESampler"",""seed"":42,""n_trials"":50,""direction"":""maximize"",""objective"":""composite = Sharpe * (Return% / MaxDD%)""}",1,2.493,"{""lookback"":171,""pivot_window"":5,""min_touches"":4,""tolerance_atr_mult"":0.4,""cluster_atr_mult"":1.05,""confirmation_bars"":1,""cooldown_bars"":20,""allowshort"":true}",2014-01-01,2024-12-31,2025-01-01,2026-04-20,2014-01-01,2026-04-20,54,12,7,4,58.33,250654.21,-92092.44,119.58,,29.52,629419.125,-229725.02999999985,138.62,0.53,0.56,0.0113,0.02,6,2,0,2,0.0,0.0,-94519.13,197.5,,44.16,-22887.004999999983,-166151.25000000012,-18.9,-0.29,-0.28,0.0182,-0.01,60,13,7,5,53.85,260536.09,-87152.97,144.54,,44.17,629419.125,-229725.02999999985,138.8,0.44,0.42,0.0129,0.01
VTBR,breakout_pivot,1D,True,Bayesian_TPE,"{""sampler"":""TPESampler"",""seed"":42,""n_trials"":50,""direction"":""maximize"",""objective"":""composite = Sharpe * (Return% / MaxDD%)""}",2,1.734,"{""lookback"":186,""pivot_window"":5,""min_touches"":4,""tolerance_atr_mult"":0.4,""cluster_atr_mult"":0.55,""confirmation_bars"":2,""cooldown_bars"":11,""allowshort"":true}",2014-01-01,2024-12-31,2025-01-01,2026-04-20,2014-01-01,2026-04-20,40,9,6,3,66.67,438960.65,-419326.57,206.22,,39.6,951787.65,-1027823.7000000004,137.58,0.5,0.59,0.0124,0.02,2,1,0,1,0.0,0.0,-14953.03,355.0,,38.6,-14953.034999999982,-14953.034999999982,-1.5,0.11,0.1,0.017,0.0,42,10,6,4,60.0,499965.38,-324744.67,226.4,,51.55,951787.65,-1027823.7000000004,170.08,0.47,0.5,0.0136,0.01
VTBR,breakout_pivot,1D,True,Bayesian_TPE,"{""sampler"":""TPESampler"",""seed"":42,""n_trials"":50,""direction"":""maximize"",""objective"":""composite = Sharpe * (Return% / MaxDD%)""}",3,1.062,"{""lookback"":203,""pivot_window"":8,""min_touches"":2,""tolerance_atr_mult"":0.8500000000000001,""cluster_atr_mult"":0.45,""confirmation_bars"":1,""cooldown_bars"":20,""allowshort"":true}",2014-01-01,2024-12-31,2025-01-01,2026-04-20,2014-01-01,2026-04-20,117,41,20,21,48.78,148962.15,-89136.22,44.8,,45.48,908912.5,-414293.25000000006,110.74,0.44,0.51,0.0128,0.01,16,6,5,1,83.33,98789.44,-11967.76,34.83,,7.48,240006.8999999999,-11967.759999999991,48.2,1.38,1.53,0.0117,0.22,133,46,24,22,52.17,180801.82,-86347.13,45.43,,45.48,908912.5,-414293.25000000006,243.96,0.58,0.68,0.0129,0.02
VTBR,breakout_pivot,1D,False,Bayesian_TPE,"{""sampler"":""TPESampler"",""seed"":42,""n_trials"":50,""direction"":""maximize"",""objective"":""composite = Sharpe * (Return% / MaxDD%)""}",4,0.906,"{""lookback"":189,""pivot_window"":5,""min_touches"":4,""tolerance_atr_mult"":0.9000000000000001,""cluster_atr_mult"":0.65,""confirmation_bars"":1,""cooldown_bars"":3,""allowshort"":false}",2014-01-01,2024-12-31,2025-01-01,2026-04-20,2014-01-01,2026-04-20,144,25,13,12,52.0,204208.32,-140363.12,68.8,,44.22,732981.75,-636026.16,97.04,0.41,0.45,0.0124,0.01,10,3,2,1,66.67,131065.05,-197286.64,107.67,,38.6,176472.00000000006,-197286.6400000001,6.48,0.28,0.27,0.0193,0.01,154,27,14,13,51.85,221942.38,-158699.45,75.93,,45.75,732981.75,-636026.16,104.41,0.37,0.37,0.0135,0.01
VTBR,breakout_pivot,1D,True,Bayesian_TPE,"{""sampler"":""TPESampler"",""seed"":42,""n_trials"":50,""direction"":""maximize"",""objective"":""composite = Sharpe * (Return% / MaxDD%)""}",5,0.768,"{""lookback"":143,""pivot_window"":7,""min_touches"":3,""tolerance_atr_mult"":0.45,""cluster_atr_mult"":0.6000000000000001,""confirmation_bars"":2,""cooldown_bars"":17,""allowshort"":true}",2014-01-01,2024-12-31,2025-01-01,2026-04-20,2014-01-01,2026-04-20,51,14,5,8,35.71,419716.84,-147812.69,134.0,,47.47,689501.0,-313544.7700000001,91.61,0.4,0.46,0.0125,0.01,3,1,1,0,100.0,310787.1,0.0,86.0,,7.25,310787.0999999999,310787.0999999999,31.08,1.58,1.4,0.0068,0.15,54,15,6,9,40.0,440652.67,-149318.96,143.73,,47.47,689501.0,-313544.7700000001,130.0,0.41,0.42,0.0139,0.01
VTBR,breakout_ols,1D,True,Bayesian_TPE,"{""sampler"":""TPESampler"",""seed"":42,""n_trials"":50,""direction"":""maximize"",""objective"":""composite = Sharpe * (Return% / MaxDD%)""}",1,1.877,"{""lookback"":192,""pivot_window"":8,""min_touches"":3,""tolerance_atr_mult"":0.3,""cluster_atr_mult"":0.95,""confirmation_bars"":3,""cooldown_bars"":15,""allowshort"":true}",2014-01-01,2024-12-31,2025-01-01,2026-04-20,2014-01-01,2026-04-20,57,12,5,7,41.67,510373.5,-149019.98,168.0,,41.23,807554.0250000001,-308596.94999999984,150.87,0.51,0.58,0.0129,0.02,10,3,1,2,33.33,165847.5,-146812.25,52.33,,36.33,165847.49999999994,-257882.89999999997,-12.78,-0.25,-0.13,0.0141,-0.01,67,15,6,9,40.0,565736.09,-209691.82,148.87,,41.23,807554.0250000001,-741340.5999999999,150.72,0.45,0.44,0.0136,0.01
VTBR,breakout_ols,1D,True,Bayesian_TPE,"{""sampler"":""TPESampler"",""seed"":42,""n_trials"":50,""direction"":""maximize"",""objective"":""composite = Sharpe * (Return% / MaxDD%)""}",2,1.667,"{""lookback"":193,""pivot_window"":8,""min_touches"":3,""tolerance_atr_mult"":0.3,""cluster_atr_mult"":0.95,""confirmation_bars"":3,""cooldown_bars"":16,""allowshort"":true}",2014-01-01,2024-12-31,2025-01-01,2026-04-20,2014-01-01,2026-04-20,58,12,5,7,41.67,482836.44,-145332.62,168.58,,41.23,771548.1750000002,-294835.8499999998,139.69,0.49,0.56,0.0129,0.02,10,3,1,2,33.33,165847.5,-146812.25,52.33,,36.33,165847.49999999994,-257882.89999999997,-12.78,-0.25,-0.13,0.0141,-0.01,68,15,6,9,40.0,536527.7,-202640.63,149.33,,41.23,771548.1750000002,-708273.4999999999,139.54,0.43,0.43,0.0136,0.01
VTBR,breakout_ols,1D,True,Bayesian_TPE,"{""sampler"":""TPESampler"",""seed"":42,""n_trials"":50,""direction"":""maximize"",""objective"":""composite = Sharpe * (Return% / MaxDD%)""}",3,0.905,"{""lookback"":186,""pivot_window"":5,""min_touches"":4,""tolerance_atr_mult"":0.4,""cluster_atr_mult"":0.55,""confirmation_bars"":2,""cooldown_bars"":11,""allowshort"":true}",2014-01-01,2024-12-31,2025-01-01,2026-04-20,2014-01-01,2026-04-20,78,18,8,10,44.44,205199.21,-71498.42,91.94,,41.45,590486.05,-193361.99999999965,92.66,0.41,0.45,0.0122,0.01,12,4,1,3,25.0,33036.39,-92122.64,29.25,,30.05,33036.39000000002,-205438.20000000004,-24.33,-1.15,-0.7,0.0088,-0.03,90,22,9,13,40.91,223541.45,-102267.77,82.95,,41.45,590486.05,-456784.9000000001,68.24,0.31,0.33,0.0123,0.01
VTBR,breakout_ols,1D,True,Bayesian_TPE,"{""sampler"":""TPESampler"",""seed"":42,""n_trials"":50,""direction"":""maximize"",""objective"":""composite = Sharpe * (Return% / MaxDD%)""}",4,0.859,"{""lookback"":177,""pivot_window"":9,""min_touches"":5,""tolerance_atr_mult"":0.35,""cluster_atr_mult"":1.05,""confirmation_bars"":3,""cooldown_bars"":18,""allowshort"":true}",2014-01-01,2024-12-31,2025-01-01,2026-04-20,2014-01-01,2026-04-20,38,8,5,3,62.5,279407.07,-161189.92,223.38,,42.95,421017.29999999993,-264826.80000000005,91.35,0.4,0.46,0.0121,0.01,7,2,1,1,50.0,327954.47,-41012.28,119.0,,27.06,327954.475,-41012.27999999998,28.69,0.83,0.93,0.0133,0.04,45,9,6,3,66.67,330298.41,-161189.92,229.33,,42.95,636637.6249999999,-264826.80000000005,149.82,0.47,0.53,0.0124,0.01
VTBR,breakout_ols,1D,True,Bayesian_TPE,"{""sampler"":""TPESampler"",""seed"":42,""n_trials"":50,""direction"":""maximize"",""objective"":""composite = Sharpe * (Return% / MaxDD%)""}",5,0.81,"{""lookback"":175,""pivot_window"":12,""min_touches"":4,""tolerance_atr_mult"":0.8500000000000001,""cluster_atr_mult"":0.4,""confirmation_bars"":1,""cooldown_bars"":4,""allowshort"":true}",2014-01-01,2024-12-31,2025-01-01,2026-04-20,2014-01-01,2026-04-20,67,10,5,5,50.0,352139.7,-168961.25,174.5,,45.7,683177.4000000001,-326391.4500000001,91.59,0.4,0.46,0.0121,0.01,10,3,2,1,66.67,85050.25,-174145.75,109.0,,37.18,135394.56000000008,-174145.74999999994,-0.4,0.16,0.15,0.0203,0.01,77,12,6,6,50.0,345530.42,-161947.16,176.33,,45.7,683177.4000000001,-326391.4500000001,110.15,0.38,0.39,0.0137,0.01
VTBR,retest_pivot,1D,False,Bayesian_TPE,"{""sampler"":""TPESampler"",""seed"":42,""n_trials"":50,""direction"":""maximize"",""objective"":""composite = Sharpe * (Return% / MaxDD%)""}",1,1.386,"{""lookback"":220,""pivot_window"":5,""min_touches"":4,""tolerance_atr_mult"":0.3,""cluster_atr_mult"":0.45,""confirmation_bars"":2,""cooldown_bars"":14,""retest_window"":26,""cancel_atr_mult"":2.5,""allowshort"":false}",2014-01-01,2024-12-31,2025-01-01,2026-04-20,2014-01-01,2026-04-20,26,6,3,3,50.0,216523.97,-27131.1,104.83,,17.18,428950.0,-41744.99999999984,56.82,0.42,0.29,0.0072,0.02,3,2,2,0,100.0,115214.09,0.0,188.5,,38.6,201480.75000000012,28947.434999999943,23.04,0.57,0.57,0.0195,0.03,29,8,5,3,62.5,202185.37,-27131.1,125.75,,38.6,428950.0,-41744.99999999984,92.95,0.42,0.27,0.0097,0.01
VTBR,retest_pivot,1D,False,Bayesian_TPE,"{""sampler"":""TPESampler"",""seed"":42,""n_trials"":50,""direction"":""maximize"",""objective"":""composite = Sharpe * (Return% / MaxDD%)""}",2,1.002,"{""lookback"":204,""pivot_window"":5,""min_touches"":4,""tolerance_atr_mult"":0.5,""cluster_atr_mult"":0.45,""confirmation_bars"":2,""cooldown_bars"":12,""retest_window"":28,""cancel_atr_mult"":2.5,""allowshort"":false}",2014-01-01,2024-12-31,2025-01-01,2026-04-20,2014-01-01,2026-04-20,31,7,4,3,57.14,203572.29,-91189.9,114.86,,20.72,530295.1499999999,-176786.40000000005,54.07,0.38,0.28,0.0077,0.01,3,1,0,1,0.0,0.0,-228615.6,232.0,,38.6,-228615.60000000003,-228615.60000000003,-22.86,-0.52,-0.36,0.0153,-0.02,34,8,4,4,50.0,203572.29,-156448.45,129.5,,41.45,530295.1499999999,-352224.0900000001,18.85,0.17,0.1,0.0091,0.0
VTBR,retest_pivot,1D,False,Bayesian_TPE,"{""sampler"":""TPESampler"",""seed"":42,""n_trials"":50,""direction"":""maximize"",""objective"":""composite = Sharpe * (Return% / MaxDD%)""}",3,1.002,"{""lookback"":201,""pivot_window"":5,""min_touches"":4,""tolerance_atr_mult"":0.5,""cluster_atr_mult"":0.5,""confirmation_bars"":2,""cooldown_bars"":12,""retest_window"":35,""cancel_atr_mult"":2.5,""allowshort"":false}",2014-01-01,2024-12-31,2025-01-01,2026-04-20,2014-01-01,2026-04-20,30,7,4,3,57.14,203572.29,-91189.9,114.86,,20.72,530295.1499999999,-176786.40000000005,54.07,0.38,0.28,0.0077,0.01,3,1,0,1,0.0,0.0,-228615.6,232.0,,38.6,-228615.60000000003,-228615.60000000003,-22.86,-0.52,-0.36,0.0153,-0.02,33,8,4,4,50.0,203572.29,-156448.45,129.5,,41.45,530295.1499999999,-352224.0900000001,18.85,0.17,0.1,0.0091,0.0
VTBR,retest_pivot,1D,False,Bayesian_TPE,"{""sampler"":""TPESampler"",""seed"":42,""n_trials"":50,""direction"":""maximize"",""objective"":""composite = Sharpe * (Return% / MaxDD%)""}",4,0.853,"{""lookback"":174,""pivot_window"":5,""min_touches"":4,""tolerance_atr_mult"":0.3,""cluster_atr_mult"":0.7,""confirmation_bars"":2,""cooldown_bars"":14,""retest_window"":29,""cancel_atr_mult"":2.2,""allowshort"":false}",2014-01-01,2024-12-31,2025-01-01,2026-04-20,2014-01-01,2026-04-20,23,4,2,2,50.0,220193.05,-19431.7,119.25,,17.18,436054.4999999998,-29182.400000000096,40.15,0.36,0.21,0.0062,0.01,2,1,1,0,100.0,229246.88,0.0,468.0,,38.6,229246.875,229246.875,22.92,0.53,0.64,0.0227,0.03,25,5,3,2,60.0,253896.41,-19431.7,189.0,,38.6,436054.4999999998,-29182.400000000096,72.28,0.35,0.22,0.01,0.01
VTBR,retest_pivot,1D,False,Bayesian_TPE,"{""sampler"":""TPESampler"",""seed"":42,""n_trials"":50,""direction"":""maximize"",""objective"":""composite = Sharpe * (Return% / MaxDD%)""}",5,0.794,"{""lookback"":199,""pivot_window"":4,""min_touches"":4,""tolerance_atr_mult"":0.5,""cluster_atr_mult"":0.4,""confirmation_bars"":2,""cooldown_bars"":12,""retest_window"":31,""cancel_atr_mult"":2.5,""allowshort"":false}",2014-01-01,2024-12-31,2025-01-01,2026-04-20,2014-01-01,2026-04-20,44,10,4,5,40.0,180120.12,-42501.42,89.8,,22.97,505796.80000000016,-116917.74000000017,50.8,0.36,0.28,0.008,0.01,3,1,0,1,0.0,0.0,-228615.6,232.0,,38.6,-228615.60000000003,-228615.60000000003,-22.86,-0.52,-0.36,0.0153,-0.02,47,11,4,6,36.36,180120.12,-92874.04,102.73,,38.6,505796.80000000016,-344737.1400000001,16.32,0.16,0.1,0.0093,0.0
VTBR,retest_ols,1D,True,Bayesian_TPE,"{""sampler"":""TPESampler"",""seed"":42,""n_trials"":50,""direction"":""maximize"",""objective"":""composite = Sharpe * (Return% / MaxDD%)""}",1,3.239,"{""lookback"":121,""pivot_window"":3,""min_touches"":4,""tolerance_atr_mult"":0.55,""cluster_atr_mult"":0.75,""confirmation_bars"":3,""cooldown_bars"":7,""retest_window"":22,""cancel_atr_mult"":2.0,""allowshort"":true}",2014-01-01,2024-12-31,2025-01-01,2026-04-20,2014-01-01,2026-04-20,85,20,9,11,45.0,234780.61,-55095.72,68.6,,26.38,880045.4999999998,-122947.11000000016,150.7,0.57,0.58,0.011,0.02,9,3,1,2,33.33,147549.88,-112256.37,56.0,,33.49,147549.88499999995,-129754.8,-7.7,-0.08,-0.05,0.0149,-0.0,94,23,10,13,43.48,248293.87,-89915.56,66.96,,35.27,880045.4999999998,-325284.74999999994,131.4,0.46,0.38,0.0116,0.01
VTBR,retest_ols,1D,False,Bayesian_TPE,"{""sampler"":""TPESampler"",""seed"":42,""n_trials"":50,""direction"":""maximize"",""objective"":""composite = Sharpe * (Return% / MaxDD%)""}",2,1.82,"{""lookback"":191,""pivot_window"":11,""min_touches"":2,""tolerance_atr_mult"":0.8,""cluster_atr_mult"":0.4,""confirmation_bars"":1,""cooldown_bars"":13,""retest_window"":36,""cancel_atr_mult"":2.1,""allowshort"":false}",2014-01-01,2024-12-31,2025-01-01,2026-04-20,2014-01-01,2026-04-20,61,14,5,9,35.71,463206.27,-107324.58,139.14,,35.54,921441.2,-258125.875,135.01,0.48,0.55,0.0131,0.02,10,4,2,2,50.0,147453.16,-134787.65,68.75,,36.87,191733.75000000003,-222911.70000000016,2.53,0.21,0.18,0.0204,0.01,71,18,7,11,38.89,429874.89,-145405.75,123.5,,36.87,921441.2,-523878.30000000034,140.97,0.42,0.43,0.0142,0.02
VTBR,retest_ols,1D,True,Bayesian_TPE,"{""sampler"":""TPESampler"",""seed"":42,""n_trials"":50,""direction"":""maximize"",""objective"":""composite = Sharpe * (Return% / MaxDD%)""}",3,1.497,"{""lookback"":138,""pivot_window"":9,""min_touches"":3,""tolerance_atr_mult"":0.8,""cluster_atr_mult"":0.8500000000000001,""confirmation_bars"":1,""cooldown_bars"":11,""retest_window"":33,""cancel_atr_mult"":2.1,""allowshort"":true}",2014-01-01,2024-12-31,2025-01-01,2026-04-20,2014-01-01,2026-04-20,79,18,8,10,44.44,208278.65,-67886.89,83.67,,30.01,733370.0,-108508.05000000024,98.74,0.45,0.51,0.0106,0.02,6,2,2,0,100.0,91461.02,0.0,134.0,,31.39,103922.0399999999,78999.99999999991,18.29,0.53,0.63,0.0159,0.03,85,19,9,10,47.37,225430.64,-67886.89,95.58,,31.39,733370.0,-108508.05000000024,135.0,0.46,0.51,0.0116,0.02
VTBR,retest_ols,1D,True,Bayesian_TPE,"{""sampler"":""TPESampler"",""seed"":42,""n_trials"":50,""direction"":""maximize"",""objective"":""composite = Sharpe * (Return% / MaxDD%)""}",4,1.044,"{""lookback"":190,""pivot_window"":9,""min_touches"":3,""tolerance_atr_mult"":0.65,""cluster_atr_mult"":0.9000000000000001,""confirmation_bars"":2,""cooldown_bars"":7,""retest_window"":31,""cancel_atr_mult"":0.5,""allowshort"":true}",2014-01-01,2024-12-31,2025-01-01,2026-04-20,2014-01-01,2026-04-20,54,9,6,3,66.67,179002.83,-86320.3,149.0,,32.18,513105.5999999999,-156627.5,81.51,0.41,0.39,0.0104,0.01,8,3,2,1,66.67,296135.1,-57157.76,64.67,,11.95,445645.20000000007,-57157.76000000002,53.51,1.45,1.58,0.0121,0.15,62,11,7,4,63.64,306850.83,-90668.08,143.36,,32.18,808594.5000000001,-156627.5,178.53,0.56,0.55,0.0108,0.02
VTBR,retest_ols,1D,True,Bayesian_TPE,"{""sampler"":""TPESampler"",""seed"":42,""n_trials"":50,""direction"":""maximize"",""objective"":""composite = Sharpe * (Return% / MaxDD%)""}",5,1.032,"{""lookback"":139,""pivot_window"":9,""min_touches"":3,""tolerance_atr_mult"":0.75,""cluster_atr_mult"":0.75,""confirmation_bars"":1,""cooldown_bars"":14,""retest_window"":40,""cancel_atr_mult"":2.3,""allowshort"":true}",2014-01-01,2024-12-31,2025-01-01,2026-04-20,2014-01-01,2026-04-20,70,18,8,10,44.44,198203.31,-71242.85,87.33,,35.61,661422.2500000002,-108724.60000000003,87.32,0.42,0.48,0.0107,0.01,5,2,2,0,100.0,76259.81,0.0,133.5,,31.39,101250.2399999999,51269.379999999925,15.25,0.47,0.55,0.0158,0.02,75,19,9,10,47.37,214160.57,-71242.85,99.05,,35.61,661422.2500000002,-108724.60000000003,121.5,0.43,0.49,0.0117,0.01
VTBR,obv,1D,True,Bayesian_TPE,"{""sampler"":""TPESampler"",""seed"":42,""n_trials"":50,""direction"":""maximize"",""objective"":""composite = Sharpe * (Return% / MaxDD%)""}",1,34.039,"{""obv_ema_window"":23,""confirmation_bars"":1,""allowshort"":true}",2014-01-01,2024-12-31,2025-01-01,2026-04-20,2014-01-01,2026-04-20,312,312,102,210,32.69,295980.95,-80209.43,12.85,,37.64,2714276.5250000004,-1548607.6749999984,1334.61,0.96,1.46,0.0189,0.05,46,46,15,31,32.61,72119.1,-21599.36,9.41,,32.02,198897.75,-130071.29,41.22,0.82,1.15,0.0198,0.05,358,358,117,241,32.68,390583.53,-109736.71,12.53,,37.64,2852393.75,-1865393.65,1925.17,0.94,1.42,0.0191,0.05
VTBR,obv,1D,True,Bayesian_TPE,"{""sampler"":""TPESampler"",""seed"":42,""n_trials"":50,""direction"":""maximize"",""objective"":""composite = Sharpe * (Return% / MaxDD%)""}",2,34.039,"{""obv_ema_window"":23,""confirmation_bars"":1,""allowshort"":true}",2014-01-01,2024-12-31,2025-01-01,2026-04-20,2014-01-01,2026-04-20,312,312,102,210,32.69,295980.95,-80209.43,12.85,,37.64,2714276.5250000004,-1548607.6749999984,1334.61,0.96,1.46,0.0189,0.05,46,46,15,31,32.61,72119.1,-21599.36,9.41,,32.02,198897.75,-130071.29,41.22,0.82,1.15,0.0198,0.05,358,358,117,241,32.68,390583.53,-109736.71,12.53,,37.64,2852393.75,-1865393.65,1925.17,0.94,1.42,0.0191,0.05
VTBR,obv,1D,True,Bayesian_TPE,"{""sampler"":""TPESampler"",""seed"":42,""n_trials"":50,""direction"":""maximize"",""objective"":""composite = Sharpe * (Return% / MaxDD%)""}",3,34.039,"{""obv_ema_window"":23,""confirmation_bars"":1,""allowshort"":true}",2014-01-01,2024-12-31,2025-01-01,2026-04-20,2014-01-01,2026-04-20,312,312,102,210,32.69,295980.95,-80209.43,12.85,,37.64,2714276.5250000004,-1548607.6749999984,1334.61,0.96,1.46,0.0189,0.05,46,46,15,31,32.61,72119.1,-21599.36,9.41,,32.02,198897.75,-130071.29,41.22,0.82,1.15,0.0198,0.05,358,358,117,241,32.68,390583.53,-109736.71,12.53,,37.64,2852393.75,-1865393.65,1925.17,0.94,1.42,0.0191,0.05
VTBR,obv,1D,True,Bayesian_TPE,"{""sampler"":""TPESampler"",""seed"":42,""n_trials"":50,""direction"":""maximize"",""objective"":""composite = Sharpe * (Return% / MaxDD%)""}",4,34.039,"{""obv_ema_window"":23,""confirmation_bars"":1,""allowshort"":true}",2014-01-01,2024-12-31,2025-01-01,2026-04-20,2014-01-01,2026-04-20,312,312,102,210,32.69,295980.95,-80209.43,12.85,,37.64,2714276.5250000004,-1548607.6749999984,1334.61,0.96,1.46,0.0189,0.05,46,46,15,31,32.61,72119.1,-21599.36,9.41,,32.02,198897.75,-130071.29,41.22,0.82,1.15,0.0198,0.05,358,358,117,241,32.68,390583.53,-109736.71,12.53,,37.64,2852393.75,-1865393.65,1925.17,0.94,1.42,0.0191,0.05
VTBR,obv,1D,True,Bayesian_TPE,"{""sampler"":""TPESampler"",""seed"":42,""n_trials"":50,""direction"":""maximize"",""objective"":""composite = Sharpe * (Return% / MaxDD%)""}",5,26.28,"{""obv_ema_window"":22,""confirmation_bars"":1,""allowshort"":true}",2014-01-01,2024-12-31,2025-01-01,2026-04-20,2014-01-01,2026-04-20,320,320,109,211,34.06,251781.8,-77240.03,12.53,,38.47,2442876.9000000004,-1341056.3499999987,1114.66,0.91,1.38,0.0189,0.04,48,48,15,33,31.25,67097.63,-22017.67,9.02,,32.02,182109.96,-130071.29,27.99,0.63,0.89,0.0198,0.04,368,368,124,244,33.7,319844.03,-102951.45,12.18,,38.47,2442876.9000000004,-1579394.7799999998,1454.05,0.87,1.31,0.0191,0.04
VTBR,vwap,1D,True,Bayesian_TPE,"{""sampler"":""TPESampler"",""seed"":42,""n_trials"":50,""direction"":""maximize"",""objective"":""composite = Sharpe * (Return% / MaxDD%)""}",1,6.735,"{""vwap_window"":161,""vwap_tol"":0.003,""vwap_mode"":""rolling"",""allowshort"":true}",2014-01-01,2024-12-31,2025-01-01,2026-04-20,2014-01-01,2026-04-20,67,46,15,31,32.61,340616.19,-42301.44,84.59,,38.74,1260012.74,-164713.3999999999,379.79,0.69,1.05,0.0161,0.03,7,7,1,6,14.29,232207.32,-43564.76,59.43,,42.33,232207.325,-131039.99999999994,-2.92,0.11,0.11,0.0199,0.01,74,53,16,37,30.19,368639.42,-67474.28,82.38,,44.31,1115521.3,-594190.7999999997,340.17,0.57,0.8,0.0168,0.02
VTBR,vwap,1D,True,Bayesian_TPE,"{""sampler"":""TPESampler"",""seed"":42,""n_trials"":50,""direction"":""maximize"",""objective"":""composite = Sharpe * (Return% / MaxDD%)""}",2,6.735,"{""vwap_window"":161,""vwap_tol"":0.003,""vwap_mode"":""rolling"",""allowshort"":true}",2014-01-01,2024-12-31,2025-01-01,2026-04-20,2014-01-01,2026-04-20,67,46,15,31,32.61,340616.19,-42301.44,84.59,,38.74,1260012.74,-164713.3999999999,379.79,0.69,1.05,0.0161,0.03,7,7,1,6,14.29,232207.32,-43564.76,59.43,,42.33,232207.325,-131039.99999999994,-2.92,0.11,0.11,0.0199,0.01,74,53,16,37,30.19,368639.42,-67474.28,82.38,,44.31,1115521.3,-594190.7999999997,340.17,0.57,0.8,0.0168,0.02
VTBR,vwap,1D,True,Bayesian_TPE,"{""sampler"":""TPESampler"",""seed"":42,""n_trials"":50,""direction"":""maximize"",""objective"":""composite = Sharpe * (Return% / MaxDD%)""}",3,6.199,"{""vwap_window"":159,""vwap_tol"":0.006,""vwap_mode"":""rolling"",""allowshort"":true}",2014-01-01,2024-12-31,2025-01-01,2026-04-20,2014-01-01,2026-04-20,75,42,14,28,33.33,352592.37,-45424.08,92.64,,39.96,1224950.9,-198840.6000000001,366.44,0.68,1.03,0.0161,0.03,7,5,1,4,20.0,223273.12,-70393.35,83.6,,42.33,223273.1249999999,-124916.39999999997,-5.83,0.05,0.05,0.02,0.0,82,47,15,32,31.91,367713.77,-77467.78,92.89,,48.37,1106551.25,-535512.5999999997,303.67,0.55,0.76,0.0168,0.02
VTBR,vwap,1D,True,Bayesian_TPE,"{""sampler"":""TPESampler"",""seed"":42,""n_trials"":50,""direction"":""maximize"",""objective"":""composite = Sharpe * (Return% / MaxDD%)""}",4,6.129,"{""vwap_window"":159,""vwap_tol"":0.005,""vwap_mode"":""rolling"",""allowshort"":true}",2014-01-01,2024-12-31,2025-01-01,2026-04-20,2014-01-01,2026-04-20,75,44,15,29,34.09,329677.06,-46494.53,88.43,,39.38,1207198.63,-195957.4500000001,359.68,0.67,1.03,0.0161,0.03,7,5,1,4,20.0,223273.12,-70393.35,83.6,,42.33,223273.1249999999,-124916.39999999997,-5.83,0.05,0.05,0.02,0.0,82,49,16,33,32.65,344761.29,-76907.05,89.1,,48.37,1090522.8,-527750.9999999998,297.82,0.54,0.75,0.0168,0.02
VTBR,vwap,1D,True,Bayesian_TPE,"{""sampler"":""TPESampler"",""seed"":42,""n_trials"":50,""direction"":""maximize"",""objective"":""composite = Sharpe * (Return% / MaxDD%)""}",5,5.985,"{""vwap_window"":158,""vwap_tol"":0.005,""vwap_mode"":""rolling"",""allowshort"":true}",2014-01-01,2024-12-31,2025-01-01,2026-04-20,2014-01-01,2026-04-20,77,44,14,30,31.82,351342.15,-42040.01,88.43,,41.25,1223180.1,-159895.69999999992,365.76,0.68,1.03,0.0161,0.03,6,5,1,4,20.0,217364.62,-75135.5,83.8,,42.33,217364.6249999999,-144137.04000000004,-8.32,-0.0,-0.0,0.0201,-0.0,83,49,15,34,30.61,359112.47,-74311.83,89.1,,50.56,1082876.2000000002,-606895.7200000002,286.01,0.54,0.74,0.0168,0.02
VTBR,engulfing,1D,True,Bayesian_TPE,"{""sampler"":""TPESampler"",""seed"":42,""n_trials"":50,""direction"":""maximize"",""objective"":""composite = Sharpe * (Return% / MaxDD%)""}",1,4.568,"{""doji_tol"":0.09,""wick_body_ratio"":3.4000000000000004,""allowshort"":true}",2014-01-01,2024-12-31,2025-01-01,2026-04-20,2014-01-01,2026-04-20,277,134,81,53,60.45,225193.77,-253568.69,29.57,,69.37,1737636.0,-2348764.7500000005,480.16,0.66,0.91,0.0202,0.02,64,30,13,17,43.33,47457.04,-46380.45,15.7,,48.41,148337.90999999997,-296169.44999999995,-17.15,-0.13,-0.19,0.023,-0.01,341,164,94,70,57.32,229321.86,-255500.44,27.05,,69.37,1737636.0,-2348764.7500000005,367.12,0.54,0.74,0.0206,0.02
VTBR,engulfing,1D,True,Bayesian_TPE,"{""sampler"":""TPESampler"",""seed"":42,""n_trials"":50,""direction"":""maximize"",""objective"":""composite = Sharpe * (Return% / MaxDD%)""}",2,4.568,"{""doji_tol"":0.15,""wick_body_ratio"":1.5,""allowshort"":true}",2014-01-01,2024-12-31,2025-01-01,2026-04-20,2014-01-01,2026-04-20,277,134,81,53,60.45,225193.77,-253568.69,29.57,,69.37,1737636.0,-2348764.7500000005,480.16,0.66,0.91,0.0202,0.02,64,30,13,17,43.33,47457.04,-46380.45,15.7,,48.41,148337.90999999997,-296169.44999999995,-17.15,-0.13,-0.19,0.023,-0.01,341,164,94,70,57.32,229321.86,-255500.44,27.05,,69.37,1737636.0,-2348764.7500000005,367.12,0.54,0.74,0.0206,0.02
VTBR,engulfing,1D,True,Bayesian_TPE,"{""sampler"":""TPESampler"",""seed"":42,""n_trials"":50,""direction"":""maximize"",""objective"":""composite = Sharpe * (Return% / MaxDD%)""}",3,4.568,"{""doji_tol"":0.18,""wick_body_ratio"":3.3,""allowshort"":true}",2014-01-01,2024-12-31,2025-01-01,2026-04-20,2014-01-01,2026-04-20,277,134,81,53,60.45,225193.77,-253568.69,29.57,,69.37,1737636.0,-2348764.7500000005,480.16,0.66,0.91,0.0202,0.02,64,30,13,17,43.33,47457.04,-46380.45,15.7,,48.41,148337.90999999997,-296169.44999999995,-17.15,-0.13,-0.19,0.023,-0.01,341,164,94,70,57.32,229321.86,-255500.44,27.05,,69.37,1737636.0,-2348764.7500000005,367.12,0.54,0.74,0.0206,0.02
VTBR,engulfing,1D,True,Bayesian_TPE,"{""sampler"":""TPESampler"",""seed"":42,""n_trials"":50,""direction"":""maximize"",""objective"":""composite = Sharpe * (Return% / MaxDD%)""}",4,4.568,"{""doji_tol"":0.08,""wick_body_ratio"":2.6,""allowshort"":true}",2014-01-01,2024-12-31,2025-01-01,2026-04-20,2014-01-01,2026-04-20,277,134,81,53,60.45,225193.77,-253568.69,29.57,,69.37,1737636.0,-2348764.7500000005,480.16,0.66,0.91,0.0202,0.02,64,30,13,17,43.33,47457.04,-46380.45,15.7,,48.41,148337.90999999997,-296169.44999999995,-17.15,-0.13,-0.19,0.023,-0.01,341,164,94,70,57.32,229321.86,-255500.44,27.05,,69.37,1737636.0,-2348764.7500000005,367.12,0.54,0.74,0.0206,0.02
VTBR,engulfing,1D,True,Bayesian_TPE,"{""sampler"":""TPESampler"",""seed"":42,""n_trials"":50,""direction"":""maximize"",""objective"":""composite = Sharpe * (Return% / MaxDD%)""}",5,4.568,"{""doji_tol"":0.14,""wick_body_ratio"":2.0,""allowshort"":true}",2014-01-01,2024-12-31,2025-01-01,2026-04-20,2014-01-01,2026-04-20,277,134,81,53,60.45,225193.77,-253568.69,29.57,,69.37,1737636.0,-2348764.7500000005,480.16,0.66,0.91,0.0202,0.02,64,30,13,17,43.33,47457.04,-46380.45,15.7,,48.41,148337.90999999997,-296169.44999999995,-17.15,-0.13,-0.19,0.023,-0.01,341,164,94,70,57.32,229321.86,-255500.44,27.05,,69.37,1737636.0,-2348764.7500000005,367.12,0.54,0.74,0.0206,0.02
VTBR,hammerdoji,1D,True,Bayesian_TPE,"{""sampler"":""TPESampler"",""seed"":42,""n_trials"":50,""direction"":""maximize"",""objective"":""composite = Sharpe * (Return% / MaxDD%)""}",1,0.731,"{""doji_tol"":0.15,""wick_body_ratio"":2.3,""allowshort"":true}",2014-01-01,2024-12-31,2025-01-01,2026-04-20,2014-01-01,2026-04-20,628,319,144,171,45.14,11779.02,-15627.9,12.52,,98.23,106028.75,-176382.70000000004,-97.62,-0.74,-0.81,0.0231,-0.02,88,44,26,18,59.09,73902.6,-79365.74,10.09,,40.57,329372.4000000001,-408509.0100000001,49.29,0.86,1.31,0.0223,0.05,716,362,169,189,46.69,10326.37,-14327.76,12.35,,98.23,106028.75,-176382.70000000004,-96.28,-0.52,-0.59,0.0231,-0.01
VTBR,hammerdoji,1D,True,Bayesian_TPE,"{""sampler"":""TPESampler"",""seed"":42,""n_trials"":50,""direction"":""maximize"",""objective"":""composite = Sharpe * (Return% / MaxDD%)""}",2,0.713,"{""doji_tol"":0.15,""wick_body_ratio"":2.2,""allowshort"":true}",2014-01-01,2024-12-31,2025-01-01,2026-04-20,2014-01-01,2026-04-20,641,323,147,172,45.51,11676.01,-15644.06,12.37,,98.14,106367.5,-179862.55000000002,-97.44,-0.72,-0.79,0.0231,-0.02,89,46,27,19,58.7,71932.12,-77738.41,9.65,,41.67,329372.4000000001,-454413.7800000003,46.51,0.83,1.26,0.0223,0.04,730,368,173,191,47.01,10229.0,-14294.96,12.14,,98.14,106367.5,-179862.55000000002,-96.07,-0.51,-0.58,0.0231,-0.01
VTBR,hammerdoji,1D,True,Bayesian_TPE,"{""sampler"":""TPESampler"",""seed"":42,""n_trials"":50,""direction"":""maximize"",""objective"":""composite = Sharpe * (Return% / MaxDD%)""}",3,0.713,"{""doji_tol"":0.15,""wick_body_ratio"":2.2,""allowshort"":true}",2014-01-01,2024-12-31,2025-01-01,2026-04-20,2014-01-01,2026-04-20,641,323,147,172,45.51,11676.01,-15644.06,12.37,,98.14,106367.5,-179862.55000000002,-97.44,-0.72,-0.79,0.0231,-0.02,89,46,27,19,58.7,71932.12,-77738.41,9.65,,41.67,329372.4000000001,-454413.7800000003,46.51,0.83,1.26,0.0223,0.04,730,368,173,191,47.01,10229.0,-14294.96,12.14,,98.14,106367.5,-179862.55000000002,-96.07,-0.51,-0.58,0.0231,-0.01
VTBR,hammerdoji,1D,True,Bayesian_TPE,"{""sampler"":""TPESampler"",""seed"":42,""n_trials"":50,""direction"":""maximize"",""objective"":""composite = Sharpe * (Return% / MaxDD%)""}",4,0.713,"{""doji_tol"":0.15,""wick_body_ratio"":2.2,""allowshort"":true}",2014-01-01,2024-12-31,2025-01-01,2026-04-20,2014-01-01,2026-04-20,641,323,147,172,45.51,11676.01,-15644.06,12.37,,98.14,106367.5,-179862.55000000002,-97.44,-0.72,-0.79,0.0231,-0.02,89,46,27,19,58.7,71932.12,-77738.41,9.65,,41.67,329372.4000000001,-454413.7800000003,46.51,0.83,1.26,0.0223,0.04,730,368,173,191,47.01,10229.0,-14294.96,12.14,,98.14,106367.5,-179862.55000000002,-96.07,-0.51,-0.58,0.0231,-0.01
VTBR,hammerdoji,1D,True,Bayesian_TPE,"{""sampler"":""TPESampler"",""seed"":42,""n_trials"":50,""direction"":""maximize"",""objective"":""composite = Sharpe * (Return% / MaxDD%)""}",5,0.708,"{""doji_tol"":0.14,""wick_body_ratio"":2.3,""allowshort"":true}",2014-01-01,2024-12-31,2025-01-01,2026-04-20,2014-01-01,2026-04-20,602,301,130,167,43.19,11785.42,-15004.43,13.27,,98.04,93698.25,-176382.70000000004,-97.36,-0.71,-0.79,0.0231,-0.02,86,44,26,18,59.09,73902.6,-79365.74,10.09,,40.57,329372.4000000001,-408509.0100000001,49.29,0.86,1.31,0.0223,0.05,688,344,155,185,45.06,10234.6,-13757.55,12.99,,98.04,93698.25,-176382.70000000004,-95.88,-0.5,-0.57,0.0231,-0.01
VTBR,harami,1D,True,Bayesian_TPE,"{""sampler"":""TPESampler"",""seed"":42,""n_trials"":50,""direction"":""maximize"",""objective"":""composite = Sharpe * (Return% / MaxDD%)""}",1,0.459,"{""doji_tol"":0.09,""wick_body_ratio"":3.4000000000000004,""allowshort"":true}",2014-01-01,2024-12-31,2025-01-01,2026-04-20,2014-01-01,2026-04-20,28,2,0,2,0.0,0.0,-555110.51,368.5,,124.44,-7319.219999999995,-1102901.8000000005,-111.02,-0.52,-0.39,0.5868,-0.25,2,1,1,0,100.0,394695.88,0.0,155.0,,7.25,394695.875,394695.875,39.47,1.69,1.82,0.0079,0.18,30,2,0,2,0.0,0.0,-571753.96,405.5,,124.44,-40606.125,-1102901.8000000005,-114.35,-0.48,-0.36,0.5472,-0.21
VTBR,harami,1D,True,Bayesian_TPE,"{""sampler"":""TPESampler"",""seed"":42,""n_trials"":50,""direction"":""maximize"",""objective"":""composite = Sharpe * (Return% / MaxDD%)""}",2,0.459,"{""doji_tol"":0.15,""wick_body_ratio"":1.5,""allowshort"":true}",2014-01-01,2024-12-31,2025-01-01,2026-04-20,2014-01-01,2026-04-20,28,2,0,2,0.0,0.0,-555110.51,368.5,,124.44,-7319.219999999995,-1102901.8000000005,-111.02,-0.52,-0.39,0.5868,-0.25,2,1,1,0,100.0,394695.88,0.0,155.0,,7.25,394695.875,394695.875,39.47,1.69,1.82,0.0079,0.18,30,2,0,2,0.0,0.0,-571753.96,405.5,,124.44,-40606.125,-1102901.8000000005,-114.35,-0.48,-0.36,0.5472,-0.21
VTBR,harami,1D,True,Bayesian_TPE,"{""sampler"":""TPESampler"",""seed"":42,""n_trials"":50,""direction"":""maximize"",""objective"":""composite = Sharpe * (Return% / MaxDD%)""}",3,0.459,"{""doji_tol"":0.18,""wick_body_ratio"":3.3,""allowshort"":true}",2014-01-01,2024-12-31,2025-01-01,2026-04-20,2014-01-01,2026-04-20,28,2,0,2,0.0,0.0,-555110.51,368.5,,124.44,-7319.219999999995,-1102901.8000000005,-111.02,-0.52,-0.39,0.5868,-0.25,2,1,1,0,100.0,394695.88,0.0,155.0,,7.25,394695.875,394695.875,39.47,1.69,1.82,0.0079,0.18,30,2,0,2,0.0,0.0,-571753.96,405.5,,124.44,-40606.125,-1102901.8000000005,-114.35,-0.48,-0.36,0.5472,-0.21
VTBR,harami,1D,True,Bayesian_TPE,"{""sampler"":""TPESampler"",""seed"":42,""n_trials"":50,""direction"":""maximize"",""objective"":""composite = Sharpe * (Return% / MaxDD%)""}",4,0.459,"{""doji_tol"":0.08,""wick_body_ratio"":2.6,""allowshort"":true}",2014-01-01,2024-12-31,2025-01-01,2026-04-20,2014-01-01,2026-04-20,28,2,0,2,0.0,0.0,-555110.51,368.5,,124.44,-7319.219999999995,-1102901.8000000005,-111.02,-0.52,-0.39,0.5868,-0.25,2,1,1,0,100.0,394695.88,0.0,155.0,,7.25,394695.875,394695.875,39.47,1.69,1.82,0.0079,0.18,30,2,0,2,0.0,0.0,-571753.96,405.5,,124.44,-40606.125,-1102901.8000000005,-114.35,-0.48,-0.36,0.5472,-0.21
VTBR,harami,1D,True,Bayesian_TPE,"{""sampler"":""TPESampler"",""seed"":42,""n_trials"":50,""direction"":""maximize"",""objective"":""composite = Sharpe * (Return% / MaxDD%)""}",5,0.459,"{""doji_tol"":0.14,""wick_body_ratio"":2.0,""allowshort"":true}",2014-01-01,2024-12-31,2025-01-01,2026-04-20,2014-01-01,2026-04-20,28,2,0,2,0.0,0.0,-555110.51,368.5,,124.44,-7319.219999999995,-1102901.8000000005,-111.02,-0.52,-0.39,0.5868,-0.25,2,1,1,0,100.0,394695.88,0.0,155.0,,7.25,394695.875,394695.875,39.47,1.69,1.82,0.0079,0.18,30,2,0,2,0.0,0.0,-571753.96,405.5,,124.44,-40606.125,-1102901.8000000005,-114.35,-0.48,-0.36,0.5472,-0.21
VTBR,candle_ensemble,1D,True,Bayesian_TPE,"{""sampler"":""TPESampler"",""seed"":42,""n_trials"":50,""direction"":""maximize"",""objective"":""composite = Sharpe * (Return% / MaxDD%)""}",1,0.46,"{""ensemble_window"":6,""min_votes"":3,""doji_tol"":0.14,""wick_body_ratio"":2.8,""allowshort"":true}",2014-01-01,2024-12-31,2025-01-01,2026-04-20,2014-01-01,2026-04-20,98,45,16,29,35.56,149338.27,-114961.37,88.04,,97.73,636637.7500000001,-572455.3000000002,-94.45,-0.48,-0.54,0.0245,-0.01,15,4,2,2,50.0,123941.67,-255930.8,109.5,,46.85,142761.31999999998,-388976.5,-26.4,-0.34,-0.52,0.0228,-0.02,113,49,18,31,36.73,133481.12,-108492.42,90.55,,98.39,636637.7500000001,-572455.3000000002,-96.06,-0.46,-0.54,0.0244,-0.01
VTBR,candle_ensemble,1D,True,Bayesian_TPE,"{""sampler"":""TPESampler"",""seed"":42,""n_trials"":50,""direction"":""maximize"",""objective"":""composite = Sharpe * (Return% / MaxDD%)""}",2,0.46,"{""ensemble_window"":6,""min_votes"":3,""doji_tol"":0.14,""wick_body_ratio"":2.8,""allowshort"":true}",2014-01-01,2024-12-31,2025-01-01,2026-04-20,2014-01-01,2026-04-20,98,45,16,29,35.56,149338.27,-114961.37,88.04,,97.73,636637.7500000001,-572455.3000000002,-94.45,-0.48,-0.54,0.0245,-0.01,15,4,2,2,50.0,123941.67,-255930.8,109.5,,46.85,142761.31999999998,-388976.5,-26.4,-0.34,-0.52,0.0228,-0.02,113,49,18,31,36.73,133481.12,-108492.42,90.55,,98.39,636637.7500000001,-572455.3000000002,-96.06,-0.46,-0.54,0.0244,-0.01
VTBR,candle_ensemble,1D,True,Bayesian_TPE,"{""sampler"":""TPESampler"",""seed"":42,""n_trials"":50,""direction"":""maximize"",""objective"":""composite = Sharpe * (Return% / MaxDD%)""}",3,0.434,"{""ensemble_window"":8,""min_votes"":3,""doji_tol"":0.09,""wick_body_ratio"":3.3,""allowshort"":true}",2014-01-01,2024-12-31,2025-01-01,2026-04-20,2014-01-01,2026-04-20,98,43,22,21,51.16,42704.17,-89382.01,92.14,,96.16,203268.2500000001,-636088.6000000003,-93.75,-0.45,-0.48,0.0245,-0.01,12,3,1,2,33.33,16808.38,-42824.9,131.67,,34.38,16808.380000000016,-81342.35999999996,-6.88,-0.04,-0.05,0.0165,-0.0,110,45,22,23,48.89,42597.13,-82026.18,98.6,,96.56,203268.2500000001,-636088.6000000003,-94.95,-0.42,-0.46,0.0241,-0.01
VTBR,candle_ensemble,1D,True,Bayesian_TPE,"{""sampler"":""TPESampler"",""seed"":42,""n_trials"":50,""direction"":""maximize"",""objective"":""composite = Sharpe * (Return% / MaxDD%)""}",4,0.417,"{""ensemble_window"":8,""min_votes"":3,""doji_tol"":0.08,""wick_body_ratio"":2.5,""allowshort"":true}",2014-01-01,2024-12-31,2025-01-01,2026-04-20,2014-01-01,2026-04-20,107,43,20,23,46.51,45174.82,-79629.14,92.14,,95.66,228896.79999999987,-488236.0000000003,-92.8,-0.43,-0.47,0.024,-0.01,15,4,3,1,75.0,138844.27,-550.8,103.0,,23.47,267664.8000000001,-550.7999999999687,41.6,0.91,1.57,0.0172,0.07,122,47,22,25,46.81,42096.66,-73455.34,94.4,,95.66,228896.79999999987,-488236.0000000003,-91.03,-0.32,-0.35,0.0236,-0.01
VTBR,candle_ensemble,1D,True,Bayesian_TPE,"{""sampler"":""TPESampler"",""seed"":42,""n_trials"":50,""direction"":""maximize"",""objective"":""composite = Sharpe * (Return% / MaxDD%)""}",5,0.402,"{""ensemble_window"":6,""min_votes"":3,""doji_tol"":0.16,""wick_body_ratio"":2.3,""allowshort"":true}",2014-01-01,2024-12-31,2025-01-01,2026-04-20,2014-01-01,2026-04-20,127,68,30,38,44.12,30931.76,-49385.99,58.66,,95.95,164584.87499999994,-722120.7499999997,-94.87,-0.41,-0.45,0.027,-0.01,21,8,4,4,50.0,140681.21,-61226.26,54.75,,34.94,245392.1250000001,-162372.6,31.78,0.65,1.04,0.0217,0.04,148,76,34,42,44.74,28109.62,-45015.28,58.74,,96.51,164584.87499999994,-722120.7499999997,-93.49,-0.3,-0.33,0.0265,-0.01
ROSN,ema,1D,True,Bayesian_TPE,"{""sampler"":""TPESampler"",""seed"":42,""n_trials"":50,""direction"":""maximize"",""objective"":""composite = Sharpe * (Return% / MaxDD%)""}",1,0.667,"{""short_ema"":100,""long_ema"":200,""allowshort"":true}",2014-01-01,2024-12-31,2025-01-01,2026-04-20,2014-01-01,2026-04-20,16,16,2,14,12.5,59647.2,-78286.19,250.0,,97.91,114187.49999999996,-274901.15,-97.67,-0.67,-0.72,0.0247,-0.02,3,3,0,3,0.0,0.0,-149679.72,143.33,,47.28,-93960.75,-230207.9999999999,-44.9,-1.33,-1.63,0.0157,-0.04,19,19,2,17,10.53,59647.2,-65014.75,235.53,,98.64,114187.49999999996,-274901.15,-98.6,-0.7,-0.76,0.0238,-0.02
ROSN,ema,1D,True,Bayesian_TPE,"{""sampler"":""TPESampler"",""seed"":42,""n_trials"":50,""direction"":""maximize"",""objective"":""composite = Sharpe * (Return% / MaxDD%)""}",2,0.637,"{""short_ema"":99,""long_ema"":198,""allowshort"":true}",2014-01-01,2024-12-31,2025-01-01,2026-04-20,2014-01-01,2026-04-20,16,16,2,14,12.5,63843.6,-78606.61,250.0,,97.55,121730.4,-266112.10000000003,-97.28,-0.64,-0.7,0.0246,-0.02,3,3,0,3,0.0,0.0,-150334.23,143.67,,47.05,-92460.20000000004,-236231.50000000003,-45.1,-1.34,-1.64,0.0157,-0.04,19,19,2,17,10.53,63843.6,-65388.01,235.53,,98.44,121730.4,-266112.10000000003,-98.39,-0.67,-0.74,0.0237,-0.02
ROSN,ema,1D,True,Bayesian_TPE,"{""sampler"":""TPESampler"",""seed"":42,""n_trials"":50,""direction"":""maximize"",""objective"":""composite = Sharpe * (Return% / MaxDD%)""}",3,0.637,"{""short_ema"":99,""long_ema"":189,""allowshort"":true}",2014-01-01,2024-12-31,2025-01-01,2026-04-20,2014-01-01,2026-04-20,18,18,3,15,16.67,72537.42,-79363.54,222.22,,97.62,122814.10000000002,-259858.25,-97.28,-0.64,-0.7,0.0246,-0.02,3,3,0,3,0.0,0.0,-150334.23,143.67,,47.05,-92460.20000000004,-236231.50000000003,-45.1,-1.34,-1.64,0.0157,-0.04,21,21,3,18,14.29,72537.42,-66754.71,213.1,,98.44,122814.10000000002,-259858.25,-98.4,-0.67,-0.74,0.0237,-0.02
ROSN,ema,1D,True,Bayesian_TPE,"{""sampler"":""TPESampler"",""seed"":42,""n_trials"":50,""direction"":""maximize"",""objective"":""composite = Sharpe * (Return% / MaxDD%)""}",4,0.633,"{""short_ema"":94,""long_ema"":192,""allowshort"":true}",2014-01-01,2024-12-31,2025-01-01,2026-04-20,2014-01-01,2026-04-20,20,20,3,17,15.0,71945.57,-69423.41,200.0,,96.77,119181.29999999994,-220741.0,-96.44,-0.64,-0.71,0.0232,-0.02,3,3,0,3,0.0,0.0,-150508.35,143.67,,47.1,-92636.55000000008,-236231.50000000003,-45.15,-1.34,-1.64,0.0157,-0.04,23,23,3,20,13.04,71945.57,-59738.78,194.57,,97.96,119181.29999999994,-220741.0,-97.89,-0.67,-0.76,0.0225,-0.02
ROSN,ema,1D,True,Bayesian_TPE,"{""sampler"":""TPESampler"",""seed"":42,""n_trials"":50,""direction"":""maximize"",""objective"":""composite = Sharpe * (Return% / MaxDD%)""}",5,0.629,"{""short_ema"":96,""long_ema"":198,""allowshort"":true}",2014-01-01,2024-12-31,2025-01-01,2026-04-20,2014-01-01,2026-04-20,16,16,2,14,12.5,63540.2,-78489.69,250.0,,97.47,120892.39999999998,-275385.05,-97.18,-0.63,-0.69,0.0246,-0.02,3,3,0,3,0.0,0.0,-150334.23,143.67,,47.05,-92460.20000000004,-236231.50000000003,-45.1,-1.34,-1.64,0.0157,-0.04,19,19,2,17,10.53,63540.2,-65317.12,235.53,,98.38,120892.39999999998,-275385.05,-98.33,-0.67,-0.73,0.0237,-0.02
ROSN,rsi,1D,True,Bayesian_TPE,"{""sampler"":""TPESampler"",""seed"":42,""n_trials"":50,""direction"":""maximize"",""objective"":""composite = Sharpe * (Return% / MaxDD%)""}",1,8.652,"{""rsi_lower"":29,""rsi_upper"":78,""rsi_window"":24,""allowshort"":true}",2014-01-01,2024-12-31,2025-01-01,2026-04-20,2014-01-01,2026-04-20,6,3,3,0,100.0,2238231.32,0.0,1220.33,,60.92,4051640.6999999993,1108202.15,671.47,0.78,0.92,0.0187,0.02,4,2,2,0,100.0,114436.65,0.0,189.0,,24.04,124880.60000000008,103992.70000000004,22.89,0.64,0.96,0.0152,0.04,10,4,4,0,100.0,1500149.26,0.0,1034.0,,60.92,2625992.7,711551.1000000004,600.06,0.68,0.82,0.0185,0.02
ROSN,rsi,1D,False,Bayesian_TPE,"{""sampler"":""TPESampler"",""seed"":42,""n_trials"":50,""direction"":""maximize"",""objective"":""composite = Sharpe * (Return% / MaxDD%)""}",2,7.026,"{""rsi_lower"":30,""rsi_upper"":73,""rsi_window"":26,""allowshort"":false}",2014-01-01,2024-12-31,2025-01-01,2026-04-20,2014-01-01,2026-04-20,12,3,3,0,100.0,1292367.6,0.0,687.0,,43.1,1555299.0,793093.0999999999,387.71,0.78,0.87,0.0135,0.02,3,1,1,0,100.0,122423.2,0.0,351.0,,24.04,122423.20000000004,122423.20000000004,12.24,0.42,0.6,0.0147,0.03,15,4,4,0,100.0,1118578.3,0.0,603.0,,43.1,1555299.0,597210.4000000001,447.43,0.73,0.84,0.0137,0.02
ROSN,rsi,1D,False,Bayesian_TPE,"{""sampler"":""TPESampler"",""seed"":42,""n_trials"":50,""direction"":""maximize"",""objective"":""composite = Sharpe * (Return% / MaxDD%)""}",3,7.026,"{""rsi_lower"":30,""rsi_upper"":73,""rsi_window"":26,""allowshort"":false}",2014-01-01,2024-12-31,2025-01-01,2026-04-20,2014-01-01,2026-04-20,12,3,3,0,100.0,1292367.6,0.0,687.0,,43.1,1555299.0,793093.0999999999,387.71,0.78,0.87,0.0135,0.02,3,1,1,0,100.0,122423.2,0.0,351.0,,24.04,122423.20000000004,122423.20000000004,12.24,0.42,0.6,0.0147,0.03,15,4,4,0,100.0,1118578.3,0.0,603.0,,43.1,1555299.0,597210.4000000001,447.43,0.73,0.84,0.0137,0.02
ROSN,rsi,1D,True,Bayesian_TPE,"{""sampler"":""TPESampler"",""seed"":42,""n_trials"":50,""direction"":""maximize"",""objective"":""composite = Sharpe * (Return% / MaxDD%)""}",4,3.401,"{""rsi_lower"":30,""rsi_upper"":75,""rsi_window"":28,""allowshort"":true}",2014-01-01,2024-12-31,2025-01-01,2026-04-20,2014-01-01,2026-04-20,10,4,3,1,75.0,1643149.53,-1504424.9,916.25,,60.92,2399842.9,-1504424.8999999997,342.5,0.6,0.72,0.0192,0.02,4,2,2,0,100.0,114436.65,0.0,189.0,,24.04,124880.60000000008,103992.70000000004,22.89,0.64,0.96,0.0152,0.04,14,6,6,0,100.0,1138011.88,0.0,690.0,,60.92,2399842.9,440349.39999999973,682.81,0.7,0.85,0.0191,0.02
ROSN,rsi,1D,True,Bayesian_TPE,"{""sampler"":""TPESampler"",""seed"":42,""n_trials"":50,""direction"":""maximize"",""objective"":""composite = Sharpe * (Return% / MaxDD%)""}",5,3.341,"{""rsi_lower"":30,""rsi_upper"":76,""rsi_window"":25,""allowshort"":true}",2014-01-01,2024-12-31,2025-01-01,2026-04-20,2014-01-01,2026-04-20,8,4,3,1,75.0,1623242.78,-1489216.3,915.25,,60.92,2375582.3,-1489216.2999999998,338.05,0.6,0.71,0.0192,0.02,4,2,2,0,100.0,114436.65,0.0,189.0,,24.04,124880.60000000008,103992.70000000004,22.89,0.64,0.96,0.0152,0.04,12,6,6,0,100.0,1124857.78,0.0,689.33,,60.92,2375582.3,435897.7999999997,674.91,0.69,0.84,0.0191,0.02
ROSN,macd,1D,True,Bayesian_TPE,"{""sampler"":""TPESampler"",""seed"":42,""n_trials"":50,""direction"":""maximize"",""objective"":""composite = Sharpe * (Return% / MaxDD%)""}",1,4.182,"{""macd_fast"":6,""macd_slow"":35,""macd_signal"":5,""allowshort"":true}",2014-01-01,2024-12-31,2025-01-01,2026-04-20,2014-01-01,2026-04-20,315,315,129,185,40.95,84580.3,-39755.58,12.7,,53.66,750948.2999999998,-269307.0,355.61,0.63,1.04,0.0177,0.02,45,45,19,26,42.22,77148.87,-27288.44,10.36,,18.67,323621.25,-78295.09999999992,75.63,1.45,2.28,0.0164,0.13,360,360,148,211,41.11,117276.54,-49860.81,12.44,,53.66,1444076.75,-349316.5999999996,683.63,0.72,1.19,0.0176,0.02
ROSN,macd,1D,False,Bayesian_TPE,"{""sampler"":""TPESampler"",""seed"":42,""n_trials"":50,""direction"":""maximize"",""objective"":""composite = Sharpe * (Return% / MaxDD%)""}",2,2.548,"{""macd_fast"":19,""macd_slow"":38,""macd_signal"":11,""allowshort"":false}",2014-01-01,2024-12-31,2025-01-01,2026-04-20,2014-01-01,2026-04-20,161,81,36,45,44.44,109387.59,-53121.19,25.07,,32.73,554375.7,-237576.7000000001,154.75,0.54,0.61,0.0122,0.02,23,11,3,8,27.27,106624.47,-32101.36,19.55,,20.29,208465.39999999997,-79560.0,6.31,0.29,0.36,0.0119,0.02,184,92,39,53,42.39,112526.3,-56110.23,24.58,,32.73,473592.5999999999,-237576.7000000001,141.47,0.46,0.53,0.0122,0.02
ROSN,macd,1D,False,Bayesian_TPE,"{""sampler"":""TPESampler"",""seed"":42,""n_trials"":50,""direction"":""maximize"",""objective"":""composite = Sharpe * (Return% / MaxDD%)""}",3,2.444,"{""macd_fast"":18,""macd_slow"":41,""macd_signal"":11,""allowshort"":false}",2014-01-01,2024-12-31,2025-01-01,2026-04-20,2014-01-01,2026-04-20,159,80,36,44,45.0,107659.75,-53848.12,25.38,,32.73,545406.4999999999,-234154.6000000001,150.64,0.53,0.6,0.0122,0.02,23,11,3,8,27.27,104796.17,-34410.06,20.0,,20.85,203751.6,-79014.0,3.91,0.22,0.27,0.0119,0.01,182,91,39,52,42.86,110432.65,-57394.94,24.89,,32.73,455506.99999999994,-234154.6000000001,132.23,0.44,0.51,0.0122,0.02
ROSN,macd,1D,False,Bayesian_TPE,"{""sampler"":""TPESampler"",""seed"":42,""n_trials"":50,""direction"":""maximize"",""objective"":""composite = Sharpe * (Return% / MaxDD%)""}",4,2.273,"{""macd_fast"":18,""macd_slow"":32,""macd_signal"":12,""allowshort"":false}",2014-01-01,2024-12-31,2025-01-01,2026-04-20,2014-01-01,2026-04-20,169,85,37,48,43.53,112499.79,-56205.18,24.05,,33.63,536305.3999999999,-263178.9,146.46,0.52,0.6,0.0122,0.02,21,10,3,7,30.0,112222.18,-30681.31,21.2,,17.38,227707.19999999995,-78560.29999999997,12.19,0.46,0.58,0.0122,0.03,190,95,40,55,42.11,115881.18,-57634.75,23.91,,33.63,500393.59999999986,-263178.9,146.53,0.47,0.54,0.0122,0.02
ROSN,macd,1D,False,Bayesian_TPE,"{""sampler"":""TPESampler"",""seed"":42,""n_trials"":50,""direction"":""maximize"",""objective"":""composite = Sharpe * (Return% / MaxDD%)""}",5,2.26,"{""macd_fast"":18,""macd_slow"":33,""macd_signal"":12,""allowshort"":false}",2014-01-01,2024-12-31,2025-01-01,2026-04-20,2014-01-01,2026-04-20,165,83,37,46,44.58,110278.02,-56994.19,24.52,,33.63,534986.3999999999,-264038.4,145.86,0.52,0.6,0.0122,0.02,21,10,3,7,30.0,112757.65,-29734.51,21.1,,17.38,229313.59999999995,-78560.29999999997,13.01,0.48,0.6,0.0122,0.03,186,93,40,53,43.01,113887.63,-58077.4,24.31,,33.63,502803.1999999999,-264038.4,147.74,0.47,0.54,0.0122,0.02
ROSN,breakout_pivot,1D,False,Bayesian_TPE,"{""sampler"":""TPESampler"",""seed"":42,""n_trials"":50,""direction"":""maximize"",""objective"":""composite = Sharpe * (Return% / MaxDD%)""}",1,14.493,"{""lookback"":294,""pivot_window"":3,""min_touches"":5,""tolerance_atr_mult"":1.2,""cluster_atr_mult"":0.8,""confirmation_bars"":2,""cooldown_bars"":6,""allowshort"":false}",2014-01-01,2024-12-31,2025-01-01,2026-04-20,2014-01-01,2026-04-20,171,42,21,21,50.0,220000.95,-65998.33,41.05,,19.95,1123090.8500000003,-465370.5,323.41,0.89,0.97,0.0102,0.05,35,12,4,7,33.33,20734.41,-34757.99,10.83,,23.22,70493.99999999999,-91697.60000000003,-16.04,-0.71,-0.62,0.0086,-0.03,206,54,25,28,46.3,178964.11,-82306.23,34.61,,31.54,1123090.8500000003,-465370.5,216.95,0.65,0.69,0.0101,0.02
ROSN,breakout_pivot,1D,False,Bayesian_TPE,"{""sampler"":""TPESampler"",""seed"":42,""n_trials"":50,""direction"":""maximize"",""objective"":""composite = Sharpe * (Return% / MaxDD%)""}",2,14.493,"{""lookback"":291,""pivot_window"":3,""min_touches"":5,""tolerance_atr_mult"":1.2,""cluster_atr_mult"":0.8,""confirmation_bars"":2,""cooldown_bars"":6,""allowshort"":false}",2014-01-01,2024-12-31,2025-01-01,2026-04-20,2014-01-01,2026-04-20,172,42,21,21,50.0,220000.95,-65998.33,41.05,,19.95,1123090.8500000003,-465370.5,323.41,0.89,0.97,0.0102,0.05,34,11,4,7,36.36,20734.41,-34757.99,11.82,,23.22,70493.99999999999,-91697.60000000003,-16.04,-0.71,-0.62,0.0086,-0.03,206,53,25,28,47.17,178964.11,-82306.23,35.26,,31.54,1123090.8500000003,-465370.5,216.95,0.65,0.69,0.0101,0.02
ROSN,breakout_pivot,1D,False,Bayesian_TPE,"{""sampler"":""TPESampler"",""seed"":42,""n_trials"":50,""direction"":""maximize"",""objective"":""composite = Sharpe * (Return% / MaxDD%)""}",3,13.327,"{""lookback"":290,""pivot_window"":3,""min_touches"":5,""tolerance_atr_mult"":1.2,""cluster_atr_mult"":0.8,""confirmation_bars"":2,""cooldown_bars"":3,""allowshort"":false}",2014-01-01,2024-12-31,2025-01-01,2026-04-20,2014-01-01,2026-04-20,220,46,21,25,45.65,215456.64,-55592.7,37.41,,20.7,1096796.7000000004,-454513.5,313.48,0.88,0.95,0.0102,0.04,43,11,4,7,36.36,20734.41,-34757.99,11.82,,23.22,70493.99999999999,-91697.60000000003,-16.04,-0.71,-0.62,0.0086,-0.03,263,57,25,32,43.86,175285.44,-71465.36,32.74,,31.54,1096796.7000000004,-454513.5,209.52,0.64,0.68,0.0101,0.02
ROSN,breakout_pivot,1D,False,Bayesian_TPE,"{""sampler"":""TPESampler"",""seed"":42,""n_trials"":50,""direction"":""maximize"",""objective"":""composite = Sharpe * (Return% / MaxDD%)""}",4,12.568,"{""lookback"":300,""pivot_window"":3,""min_touches"":5,""tolerance_atr_mult"":1.2,""cluster_atr_mult"":0.8500000000000001,""confirmation_bars"":2,""cooldown_bars"":7,""allowshort"":false}",2014-01-01,2024-12-31,2025-01-01,2026-04-20,2014-01-01,2026-04-20,156,40,24,16,60.0,174810.69,-79595.27,40.45,,20.04,848995.1999999996,-431107.5,292.19,0.86,0.91,0.01,0.04,32,11,3,8,27.27,20764.92,-28156.54,12.45,,22.47,61692.99999999991,-91697.60000000003,-16.3,-0.69,-0.61,0.009,-0.03,188,51,27,24,52.94,147710.38,-85887.24,34.71,,30.87,423850.5,-431107.5,192.69,0.62,0.64,0.01,0.02
ROSN,breakout_pivot,1D,False,Bayesian_TPE,"{""sampler"":""TPESampler"",""seed"":42,""n_trials"":50,""direction"":""maximize"",""objective"":""composite = Sharpe * (Return% / MaxDD%)""}",5,12.568,"{""lookback"":300,""pivot_window"":3,""min_touches"":5,""tolerance_atr_mult"":1.2,""cluster_atr_mult"":0.8500000000000001,""confirmation_bars"":2,""cooldown_bars"":7,""allowshort"":false}",2014-01-01,2024-12-31,2025-01-01,2026-04-20,2014-01-01,2026-04-20,156,40,24,16,60.0,174810.69,-79595.27,40.45,,20.04,848995.1999999996,-431107.5,292.19,0.86,0.91,0.01,0.04,32,11,3,8,27.27,20764.92,-28156.54,12.45,,22.47,61692.99999999991,-91697.60000000003,-16.3,-0.69,-0.61,0.009,-0.03,188,51,27,24,52.94,147710.38,-85887.24,34.71,,30.87,423850.5,-431107.5,192.69,0.62,0.64,0.01,0.02
ROSN,breakout_ols,1D,False,Bayesian_TPE,"{""sampler"":""TPESampler"",""seed"":42,""n_trials"":50,""direction"":""maximize"",""objective"":""composite = Sharpe * (Return% / MaxDD%)""}",1,7.415,"{""lookback"":252,""pivot_window"":7,""min_touches"":4,""tolerance_atr_mult"":1.0,""cluster_atr_mult"":0.4,""confirmation_bars"":3,""cooldown_bars"":10,""allowshort"":false}",2014-01-01,2024-12-31,2025-01-01,2026-04-20,2014-01-01,2026-04-20,57,11,7,4,63.64,451377.56,-106131.19,176.91,,27.7,1684988.25,-152056.80000000008,273.51,0.75,0.83,0.0115,0.03,14,3,1,2,33.33,50645.4,-157844.93,98.33,,40.44,50645.39999999998,-177274.65000000005,-26.5,-0.82,-0.99,0.0128,-0.03,71,14,7,7,50.0,443645.35,-236883.86,161.14,,41.9,1684988.25,-590536.1000000001,144.73,0.47,0.53,0.0117,0.01
ROSN,breakout_ols,1D,False,Bayesian_TPE,"{""sampler"":""TPESampler"",""seed"":42,""n_trials"":50,""direction"":""maximize"",""objective"":""composite = Sharpe * (Return% / MaxDD%)""}",2,5.916,"{""lookback"":274,""pivot_window"":8,""min_touches"":5,""tolerance_atr_mult"":1.05,""cluster_atr_mult"":0.65,""confirmation_bars"":3,""cooldown_bars"":11,""allowshort"":false}",2014-01-01,2024-12-31,2025-01-01,2026-04-20,2014-01-01,2026-04-20,50,9,5,4,55.56,537464.72,-72827.17,192.22,,30.66,1499423.2500000002,-98815.5,239.6,0.76,0.81,0.0104,0.03,12,4,1,3,25.0,50403.8,-106242.3,68.0,,40.7,50403.79999999998,-163257.15000000005,-26.83,-0.92,-1.06,0.0119,-0.03,62,12,5,7,41.67,527179.19,-206171.04,169.42,,42.98,1499423.2500000002,-685807.1999999998,119.27,0.45,0.49,0.0108,0.01
ROSN,breakout_ols,1D,False,Bayesian_TPE,"{""sampler"":""TPESampler"",""seed"":42,""n_trials"":50,""direction"":""maximize"",""objective"":""composite = Sharpe * (Return% / MaxDD%)""}",3,5.648,"{""lookback"":236,""pivot_window"":8,""min_touches"":4,""tolerance_atr_mult"":0.9000000000000001,""cluster_atr_mult"":0.8,""confirmation_bars"":2,""cooldown_bars"":4,""allowshort"":false}",2014-01-01,2024-12-31,2025-01-01,2026-04-20,2014-01-01,2026-04-20,90,13,6,7,46.15,457767.62,-78815.33,146.23,,26.31,1425333.0,-204781.5,219.49,0.68,0.75,0.0114,0.03,18,4,1,3,25.0,65859.7,-57465.95,42.0,,24.25,65859.69999999991,-72532.95000000004,-10.65,-0.33,-0.34,0.0106,-0.01,108,16,6,10,37.5,447953.14,-116503.51,131.19,,26.86,1425333.0,-331282.3500000001,152.27,0.5,0.55,0.0114,0.02
ROSN,breakout_ols,1D,False,Bayesian_TPE,"{""sampler"":""TPESampler"",""seed"":42,""n_trials"":50,""direction"":""maximize"",""objective"":""composite = Sharpe * (Return% / MaxDD%)""}",4,5.358,"{""lookback"":240,""pivot_window"":8,""min_touches"":4,""tolerance_atr_mult"":0.9000000000000001,""cluster_atr_mult"":0.65,""confirmation_bars"":2,""cooldown_bars"":4,""allowshort"":false}",2014-01-01,2024-12-31,2025-01-01,2026-04-20,2014-01-01,2026-04-20,88,11,6,5,54.55,449870.26,-105983.72,173.09,,27.49,1378649.8,-213468.75,216.93,0.68,0.75,0.0113,0.03,17,5,1,4,20.0,56498.75,-53174.8,41.0,,31.52,56498.749999999935,-107725.90000000008,-15.62,-0.49,-0.56,0.0112,-0.02,105,15,6,9,40.0,435774.73,-139021.29,142.6,,33.88,1378649.8,-427209.3000000002,136.35,0.47,0.52,0.0114,0.02
ROSN,breakout_ols,1D,False,Bayesian_TPE,"{""sampler"":""TPESampler"",""seed"":42,""n_trials"":50,""direction"":""maximize"",""objective"":""composite = Sharpe * (Return% / MaxDD%)""}",5,5.358,"{""lookback"":239,""pivot_window"":8,""min_touches"":4,""tolerance_atr_mult"":0.9000000000000001,""cluster_atr_mult"":0.65,""confirmation_bars"":2,""cooldown_bars"":4,""allowshort"":false}",2014-01-01,2024-12-31,2025-01-01,2026-04-20,2014-01-01,2026-04-20,85,11,6,5,54.55,449870.26,-105983.72,173.09,,27.49,1378649.8,-213468.75,216.93,0.68,0.75,0.0113,0.03,16,4,1,3,25.0,57144.45,-67936.97,50.25,,30.75,57144.44999999993,-107725.90000000008,-14.67,-0.47,-0.52,0.011,-0.02,101,14,6,8,42.86,436073.12,-153286.66,152.5,,33.13,1378649.8,-427209.3000000002,139.01,0.47,0.53,0.0113,0.02
ROSN,retest_pivot,1D,True,Bayesian_TPE,"{""sampler"":""TPESampler"",""seed"":42,""n_trials"":50,""direction"":""maximize"",""objective"":""composite = Sharpe * (Return% / MaxDD%)""}",1,12.261,"{""lookback"":151,""pivot_window"":4,""min_touches"":3,""tolerance_atr_mult"":1.1,""cluster_atr_mult"":0.5,""confirmation_bars"":3,""cooldown_bars"":14,""retest_window"":31,""cancel_atr_mult"":2.3,""allowshort"":true}",2014-01-01,2024-12-31,2025-01-01,2026-04-20,2014-01-01,2026-04-20,93,27,20,7,74.07,241015.16,-40748.68,78.33,,33.51,1080069.5,-78593.25,453.51,0.91,0.96,0.0122,0.03,12,2,1,1,50.0,54391.5,-120531.2,88.5,,21.6,54391.49999999997,-120531.20000000008,-6.61,-0.15,-0.17,0.0111,-0.01,105,29,21,8,72.41,211684.05,-109415.56,79.9,,33.51,1080069.5,-590083.7000000004,357.0,0.72,0.77,0.0121,0.03
ROSN,retest_pivot,1D,True,Bayesian_TPE,"{""sampler"":""TPESampler"",""seed"":42,""n_trials"":50,""direction"":""maximize"",""objective"":""composite = Sharpe * (Return% / MaxDD%)""}",2,10.886,"{""lookback"":136,""pivot_window"":4,""min_touches"":3,""tolerance_atr_mult"":1.1,""cluster_atr_mult"":0.55,""confirmation_bars"":3,""cooldown_bars"":15,""retest_window"":33,""cancel_atr_mult"":2.4000000000000004,""allowshort"":true}",2014-01-01,2024-12-31,2025-01-01,2026-04-20,2014-01-01,2026-04-20,91,25,18,7,72.0,245070.7,-37972.94,82.8,,33.51,1004084.0,-73057.0,414.55,0.88,0.94,0.012,0.03,12,3,2,1,66.67,94839.37,-62567.55,68.33,,15.3,135287.25,-62567.549999999974,12.71,0.48,0.54,0.012,0.04,103,28,20,8,71.43,233911.29,-68813.3,82.14,,33.51,1004084.0,-284695.7999999999,412.77,0.77,0.83,0.0121,0.03
ROSN,retest_pivot,1D,True,Bayesian_TPE,"{""sampler"":""TPESampler"",""seed"":42,""n_trials"":50,""direction"":""maximize"",""objective"":""composite = Sharpe * (Return% / MaxDD%)""}",3,10.846,"{""lookback"":129,""pivot_window"":4,""min_touches"":3,""tolerance_atr_mult"":1.1,""cluster_atr_mult"":0.55,""confirmation_bars"":3,""cooldown_bars"":15,""retest_window"":32,""cancel_atr_mult"":2.3,""allowshort"":true}",2014-01-01,2024-12-31,2025-01-01,2026-04-20,2014-01-01,2026-04-20,88,24,17,7,70.83,257177.62,-37871.56,82.75,,33.51,996584.5,-72519.5,410.69,0.88,0.92,0.0119,0.03,11,2,1,1,50.0,54391.5,-62567.55,67.5,,15.3,54391.49999999997,-62567.549999999974,-0.82,0.05,0.04,0.0099,0.0,99,26,18,8,69.23,223673.19,-68458.69,82.54,,33.51,996584.5,-282568.64999999985,347.84,0.73,0.75,0.0117,0.03
ROSN,retest_pivot,1D,True,Bayesian_TPE,"{""sampler"":""TPESampler"",""seed"":42,""n_trials"":50,""direction"":""maximize"",""objective"":""composite = Sharpe * (Return% / MaxDD%)""}",4,9.49,"{""lookback"":141,""pivot_window"":4,""min_touches"":3,""tolerance_atr_mult"":1.1,""cluster_atr_mult"":0.5,""confirmation_bars"":3,""cooldown_bars"":15,""retest_window"":31,""cancel_atr_mult"":2.3,""allowshort"":true}",2014-01-01,2024-12-31,2025-01-01,2026-04-20,2014-01-01,2026-04-20,93,26,18,8,69.23,230420.55,-46317.59,79.38,,33.51,932202.0,-103395.0,377.7,0.84,0.88,0.0121,0.03,13,3,2,1,66.67,90870.0,-120531.2,82.33,,21.6,127348.5,-120531.20000000008,6.12,0.28,0.36,0.013,0.02,106,29,20,9,68.97,218101.48,-97755.03,80.55,,33.51,932202.0,-509254.5000000003,348.22,0.71,0.77,0.0122,0.03
ROSN,retest_pivot,1D,True,Bayesian_TPE,"{""sampler"":""TPESampler"",""seed"":42,""n_trials"":50,""direction"":""maximize"",""objective"":""composite = Sharpe * (Return% / MaxDD%)""}",5,9.006,"{""lookback"":140,""pivot_window"":4,""min_touches"":3,""tolerance_atr_mult"":1.1,""cluster_atr_mult"":0.5,""confirmation_bars"":3,""cooldown_bars"":15,""retest_window"":32,""cancel_atr_mult"":2.3,""allowshort"":true}",2014-01-01,2024-12-31,2025-01-01,2026-04-20,2014-01-01,2026-04-20,93,26,17,9,65.38,237325.02,-41845.21,79.88,,33.51,908996.0,-100824.25,365.79,0.83,0.86,0.0122,0.03,12,3,2,1,66.67,95989.12,-45422.25,69.67,,15.3,137586.75,-45422.25,14.66,0.53,0.6,0.0121,0.04,105,29,19,10,65.52,225572.5,-56370.96,79.69,,33.51,908996.0,-187102.75,372.22,0.73,0.78,0.0122,0.03
ROSN,retest_ols,1D,False,Bayesian_TPE,"{""sampler"":""TPESampler"",""seed"":42,""n_trials"":50,""direction"":""maximize"",""objective"":""composite = Sharpe * (Return% / MaxDD%)""}",1,3.423,"{""lookback"":290,""pivot_window"":12,""min_touches"":5,""tolerance_atr_mult"":0.55,""cluster_atr_mult"":0.35,""confirmation_bars"":3,""cooldown_bars"":10,""retest_window"":13,""cancel_atr_mult"":1.5,""allowshort"":false}",2014-01-01,2024-12-31,2025-01-01,2026-04-20,2014-01-01,2026-04-20,27,7,4,3,57.14,578632.46,-102613.48,317.29,,35.53,1149215.65,-224928.70000000007,200.67,0.61,0.66,0.0125,0.02,4,1,0,1,0.0,0.0,-211984.2,415.0,,33.89,-211984.19999999995,-211984.19999999995,-21.2,-0.45,-0.66,0.016,-0.02,31,7,4,3,57.14,370394.49,-102613.48,385.14,,38.92,549223.2000000001,-224928.70000000007,117.37,0.4,0.47,0.0132,0.01
ROSN,retest_ols,1D,False,Bayesian_TPE,"{""sampler"":""TPESampler"",""seed"":42,""n_trials"":50,""direction"":""maximize"",""objective"":""composite = Sharpe * (Return% / MaxDD%)""}",2,3.302,"{""lookback"":231,""pivot_window"":5,""min_touches"":5,""tolerance_atr_mult"":0.7,""cluster_atr_mult"":0.6000000000000001,""confirmation_bars"":3,""cooldown_bars"":15,""retest_window"":17,""cancel_atr_mult"":2.5,""allowshort"":false}",2014-01-01,2024-12-31,2025-01-01,2026-04-20,2014-01-01,2026-04-20,39,9,5,4,55.56,584477.98,-67573.78,236.67,,54.29,1954843.65,-101778.4000000002,265.21,0.68,0.68,0.013,0.02,8,3,0,3,0.0,0.0,-37496.23,33.67,,15.98,-17718.75,-57001.45000000011,-11.25,-0.62,-0.35,0.0068,-0.03,47,12,5,7,41.67,584477.98,-97307.66,185.92,,54.29,1954843.65,-208211.3000000004,224.12,0.57,0.55,0.0124,0.01
ROSN,retest_ols,1D,True,Bayesian_TPE,"{""sampler"":""TPESampler"",""seed"":42,""n_trials"":50,""direction"":""maximize"",""objective"":""composite = Sharpe * (Return% / MaxDD%)""}",3,3.085,"{""lookback"":146,""pivot_window"":6,""min_touches"":3,""tolerance_atr_mult"":1.0,""cluster_atr_mult"":0.45,""confirmation_bars"":2,""cooldown_bars"":13,""retest_window"":12,""cancel_atr_mult"":1.7000000000000002,""allowshort"":true}",2014-01-01,2024-12-31,2025-01-01,2026-04-20,2014-01-01,2026-04-20,78,19,9,9,47.37,307689.09,-70820.58,110.68,,41.75,747135.1000000001,-116995.20000000008,213.18,0.61,0.67,0.0127,0.02,13,3,0,3,0.0,0.0,-57491.73,87.0,,26.69,-29298.0,-103003.20000000008,-17.25,-0.53,-0.61,0.0117,-0.02,91,21,8,12,38.1,270033.86,-72400.44,113.76,,41.75,747135.1000000001,-116995.20000000008,129.15,0.43,0.47,0.0126,0.01
ROSN,retest_ols,1D,True,Bayesian_TPE,"{""sampler"":""TPESampler"",""seed"":42,""n_trials"":50,""direction"":""maximize"",""objective"":""composite = Sharpe * (Return% / MaxDD%)""}",4,2.893,"{""lookback"":214,""pivot_window"":6,""min_touches"":5,""tolerance_atr_mult"":0.95,""cluster_atr_mult"":0.6000000000000001,""confirmation_bars"":2,""cooldown_bars"":17,""retest_window"":12,""cancel_atr_mult"":1.9000000000000001,""allowshort"":true}",2014-01-01,2024-12-31,2025-01-01,2026-04-20,2014-01-01,2026-04-20,50,11,7,4,63.64,387275.97,-63955.18,204.55,,51.86,1366596.0,-102924.5,245.51,0.61,0.62,0.0144,0.02,7,2,0,2,0.0,0.0,-77697.15,52.5,,27.08,-21775.10000000002,-133619.19999999995,-15.54,-0.63,-0.44,0.0093,-0.02,57,13,7,6,53.85,387275.97,-132126.98,181.15,,51.86,1366596.0,-461683.19999999984,191.82,0.5,0.48,0.0138,0.01
ROSN,retest_ols,1D,False,Bayesian_TPE,"{""sampler"":""TPESampler"",""seed"":42,""n_trials"":50,""direction"":""maximize"",""objective"":""composite = Sharpe * (Return% / MaxDD%)""}",5,2.769,"{""lookback"":206,""pivot_window"":5,""min_touches"":5,""tolerance_atr_mult"":1.0,""cluster_atr_mult"":0.55,""confirmation_bars"":3,""cooldown_bars"":13,""retest_window"":10,""cancel_atr_mult"":2.3,""allowshort"":false}",2014-01-01,2024-12-31,2025-01-01,2026-04-20,2014-01-01,2026-04-20,59,13,9,4,69.23,296419.19,-70639.23,161.31,,51.86,999551.5500000004,-103549.6000000002,238.52,0.6,0.59,0.0144,0.02,6,2,0,2,0.0,0.0,-41530.45,12.0,,8.31,-27765.400000000027,-55295.5,-8.31,-1.06,-0.45,0.0031,-0.04,65,15,8,7,53.33,251581.53,-121415.67,154.47,,51.86,999551.5500000004,-371402.5,116.27,0.38,0.38,0.0142,0.01
ROSN,obv,1D,False,Bayesian_TPE,"{""sampler"":""TPESampler"",""seed"":42,""n_trials"":50,""direction"":""maximize"",""objective"":""composite = Sharpe * (Return% / MaxDD%)""}",1,34.917,"{""obv_ema_window"":5,""confirmation_bars"":1,""allowshort"":false}",2014-01-01,2024-12-31,2025-01-01,2026-04-20,2014-01-01,2026-04-20,834,417,140,275,33.57,113079.94,-32326.15,5.06,,21.49,1550740.0499999996,-405836.0,694.15,1.08,1.36,0.0121,0.06,119,59,12,47,20.34,37448.64,-12634.19,3.25,,36.56,206886.75,-44050.99999999998,-14.44,-0.44,-0.48,0.0113,-0.01,953,476,152,322,31.93,123733.46,-41500.29,4.85,,36.56,1559010.0,-405836.0,544.44,0.87,1.07,0.012,0.03
ROSN,obv,1D,True,Bayesian_TPE,"{""sampler"":""TPESampler"",""seed"":42,""n_trials"":50,""direction"":""maximize"",""objective"":""composite = Sharpe * (Return% / MaxDD%)""}",2,32.67,"{""obv_ema_window"":6,""confirmation_bars"":1,""allowshort"":true}",2014-01-01,2024-12-31,2025-01-01,2026-04-20,2014-01-01,2026-04-20,738,738,241,494,32.66,151526.55,-49430.28,5.43,,36.22,2558016.899999999,-603677.5,1209.93,0.98,1.63,0.0176,0.05,105,105,27,78,25.71,40185.36,-13218.15,4.43,,35.69,211021.65,-50083.59999999998,5.4,0.25,0.37,0.0166,0.01,843,843,268,572,31.79,184049.66,-65088.55,5.32,,36.22,2621941.3000000003,-622355.9999999997,1209.47,0.87,1.43,0.0175,0.04
ROSN,obv,1D,True,Bayesian_TPE,"{""sampler"":""TPESampler"",""seed"":42,""n_trials"":50,""direction"":""maximize"",""objective"":""composite = Sharpe * (Return% / MaxDD%)""}",3,32.67,"{""obv_ema_window"":6,""confirmation_bars"":1,""allowshort"":true}",2014-01-01,2024-12-31,2025-01-01,2026-04-20,2014-01-01,2026-04-20,738,738,241,494,32.66,151526.55,-49430.28,5.43,,36.22,2558016.899999999,-603677.5,1209.93,0.98,1.63,0.0176,0.05,105,105,27,78,25.71,40185.36,-13218.15,4.43,,35.69,211021.65,-50083.59999999998,5.4,0.25,0.37,0.0166,0.01,843,843,268,572,31.79,184049.66,-65088.55,5.32,,36.22,2621941.3000000003,-622355.9999999997,1209.47,0.87,1.43,0.0175,0.04
ROSN,obv,1D,True,Bayesian_TPE,"{""sampler"":""TPESampler"",""seed"":42,""n_trials"":50,""direction"":""maximize"",""objective"":""composite = Sharpe * (Return% / MaxDD%)""}",4,32.67,"{""obv_ema_window"":6,""confirmation_bars"":1,""allowshort"":true}",2014-01-01,2024-12-31,2025-01-01,2026-04-20,2014-01-01,2026-04-20,738,738,241,494,32.66,151526.55,-49430.28,5.43,,36.22,2558016.899999999,-603677.5,1209.93,0.98,1.63,0.0176,0.05,105,105,27,78,25.71,40185.36,-13218.15,4.43,,35.69,211021.65,-50083.59999999998,5.4,0.25,0.37,0.0166,0.01,843,843,268,572,31.79,184049.66,-65088.55,5.32,,36.22,2621941.3000000003,-622355.9999999997,1209.47,0.87,1.43,0.0175,0.04
ROSN,obv,1D,True,Bayesian_TPE,"{""sampler"":""TPESampler"",""seed"":42,""n_trials"":50,""direction"":""maximize"",""objective"":""composite = Sharpe * (Return% / MaxDD%)""}",5,32.67,"{""obv_ema_window"":6,""confirmation_bars"":1,""allowshort"":true}",2014-01-01,2024-12-31,2025-01-01,2026-04-20,2014-01-01,2026-04-20,738,738,241,494,32.66,151526.55,-49430.28,5.43,,36.22,2558016.899999999,-603677.5,1209.93,0.98,1.63,0.0176,0.05,105,105,27,78,25.71,40185.36,-13218.15,4.43,,35.69,211021.65,-50083.59999999998,5.4,0.25,0.37,0.0166,0.01,843,843,268,572,31.79,184049.66,-65088.55,5.32,,36.22,2621941.3000000003,-622355.9999999997,1209.47,0.87,1.43,0.0175,0.04
ROSN,vwap,1D,False,Bayesian_TPE,"{""sampler"":""TPESampler"",""seed"":42,""n_trials"":50,""direction"":""maximize"",""objective"":""composite = Sharpe * (Return% / MaxDD%)""}",1,4.168,"{""vwap_window"":187,""vwap_tol"":0.02,""vwap_mode"":""yearly"",""allowshort"":false}",2014-01-01,2024-12-31,2025-01-01,2026-04-20,2014-01-01,2026-04-20,141,23,10,13,43.48,302267.72,-70115.87,94.35,,33.13,1164934.35,-170796.00000000012,211.12,0.65,0.78,0.0116,0.02,15,3,1,2,33.33,106161.3,-50588.25,24.0,,11.52,106161.29999999996,-67210.50000000004,0.5,0.08,0.06,0.0074,0.01,156,26,11,15,42.31,282574.99,-80264.24,86.65,,33.13,1164934.35,-194288.85000000012,190.44,0.56,0.65,0.0112,0.02
ROSN,vwap,1D,False,Bayesian_TPE,"{""sampler"":""TPESampler"",""seed"":42,""n_trials"":50,""direction"":""maximize"",""objective"":""composite = Sharpe * (Return% / MaxDD%)""}",2,4.168,"{""vwap_window"":155,""vwap_tol"":0.02,""vwap_mode"":""yearly"",""allowshort"":false}",2014-01-01,2024-12-31,2025-01-01,2026-04-20,2014-01-01,2026-04-20,141,23,10,13,43.48,302267.72,-70115.87,94.35,,33.13,1164934.35,-170796.00000000012,211.12,0.65,0.78,0.0116,0.02,15,3,1,2,33.33,106161.3,-50588.25,24.0,,11.52,106161.29999999996,-67210.50000000004,0.5,0.08,0.06,0.0074,0.01,156,26,11,15,42.31,282574.99,-80264.24,86.65,,33.13,1164934.35,-194288.85000000012,190.44,0.56,0.65,0.0112,0.02
ROSN,vwap,1D,False,Bayesian_TPE,"{""sampler"":""TPESampler"",""seed"":42,""n_trials"":50,""direction"":""maximize"",""objective"":""composite = Sharpe * (Return% / MaxDD%)""}",3,4.168,"{""vwap_window"":180,""vwap_tol"":0.02,""vwap_mode"":""yearly"",""allowshort"":false}",2014-01-01,2024-12-31,2025-01-01,2026-04-20,2014-01-01,2026-04-20,141,23,10,13,43.48,302267.72,-70115.87,94.35,,33.13,1164934.35,-170796.00000000012,211.12,0.65,0.78,0.0116,0.02,15,3,1,2,33.33,106161.3,-50588.25,24.0,,11.52,106161.29999999996,-67210.50000000004,0.5,0.08,0.06,0.0074,0.01,156,26,11,15,42.31,282574.99,-80264.24,86.65,,33.13,1164934.35,-194288.85000000012,190.44,0.56,0.65,0.0112,0.02
ROSN,vwap,1D,False,Bayesian_TPE,"{""sampler"":""TPESampler"",""seed"":42,""n_trials"":50,""direction"":""maximize"",""objective"":""composite = Sharpe * (Return% / MaxDD%)""}",4,4.168,"{""vwap_window"":182,""vwap_tol"":0.02,""vwap_mode"":""yearly"",""allowshort"":false}",2014-01-01,2024-12-31,2025-01-01,2026-04-20,2014-01-01,2026-04-20,141,23,10,13,43.48,302267.72,-70115.87,94.35,,33.13,1164934.35,-170796.00000000012,211.12,0.65,0.78,0.0116,0.02,15,3,1,2,33.33,106161.3,-50588.25,24.0,,11.52,106161.29999999996,-67210.50000000004,0.5,0.08,0.06,0.0074,0.01,156,26,11,15,42.31,282574.99,-80264.24,86.65,,33.13,1164934.35,-194288.85000000012,190.44,0.56,0.65,0.0112,0.02
ROSN,vwap,1D,False,Bayesian_TPE,"{""sampler"":""TPESampler"",""seed"":42,""n_trials"":50,""direction"":""maximize"",""objective"":""composite = Sharpe * (Return% / MaxDD%)""}",5,4.168,"{""vwap_window"":183,""vwap_tol"":0.02,""vwap_mode"":""yearly"",""allowshort"":false}",2014-01-01,2024-12-31,2025-01-01,2026-04-20,2014-01-01,2026-04-20,141,23,10,13,43.48,302267.72,-70115.87,94.35,,33.13,1164934.35,-170796.00000000012,211.12,0.65,0.78,0.0116,0.02,15,3,1,2,33.33,106161.3,-50588.25,24.0,,11.52,106161.29999999996,-67210.50000000004,0.5,0.08,0.06,0.0074,0.01,156,26,11,15,42.31,282574.99,-80264.24,86.65,,33.13,1164934.35,-194288.85000000012,190.44,0.56,0.65,0.0112,0.02
ROSN,engulfing,1D,True,Bayesian_TPE,"{""sampler"":""TPESampler"",""seed"":42,""n_trials"":50,""direction"":""maximize"",""objective"":""composite = Sharpe * (Return% / MaxDD%)""}",1,0.559,"{""doji_tol"":0.09,""wick_body_ratio"":3.4000000000000004,""allowshort"":true}",2014-01-01,2024-12-31,2025-01-01,2026-04-20,2014-01-01,2026-04-20,286,153,61,92,39.87,13810.5,-19087.78,26.16,,91.72,59388.100000000006,-164220.34999999998,-91.36,-0.56,-0.75,0.0197,-0.01,58,23,12,11,52.17,68990.5,-41355.26,20.48,,34.63,167546.09999999992,-134517.2999999999,37.3,0.83,1.11,0.0177,0.04,344,176,73,103,41.48,12481.84,-17423.69,25.44,,91.72,59388.100000000006,-164220.34999999998,-88.35,-0.4,-0.53,0.0194,-0.01
ROSN,engulfing,1D,True,Bayesian_TPE,"{""sampler"":""TPESampler"",""seed"":42,""n_trials"":50,""direction"":""maximize"",""objective"":""composite = Sharpe * (Return% / MaxDD%)""}",2,0.559,"{""doji_tol"":0.15,""wick_body_ratio"":1.5,""allowshort"":true}",2014-01-01,2024-12-31,2025-01-01,2026-04-20,2014-01-01,2026-04-20,286,153,61,92,39.87,13810.5,-19087.78,26.16,,91.72,59388.100000000006,-164220.34999999998,-91.36,-0.56,-0.75,0.0197,-0.01,58,23,12,11,52.17,68990.5,-41355.26,20.48,,34.63,167546.09999999992,-134517.2999999999,37.3,0.83,1.11,0.0177,0.04,344,176,73,103,41.48,12481.84,-17423.69,25.44,,91.72,59388.100000000006,-164220.34999999998,-88.35,-0.4,-0.53,0.0194,-0.01
ROSN,engulfing,1D,True,Bayesian_TPE,"{""sampler"":""TPESampler"",""seed"":42,""n_trials"":50,""direction"":""maximize"",""objective"":""composite = Sharpe * (Return% / MaxDD%)""}",3,0.559,"{""doji_tol"":0.18,""wick_body_ratio"":3.3,""allowshort"":true}",2014-01-01,2024-12-31,2025-01-01,2026-04-20,2014-01-01,2026-04-20,286,153,61,92,39.87,13810.5,-19087.78,26.16,,91.72,59388.100000000006,-164220.34999999998,-91.36,-0.56,-0.75,0.0197,-0.01,58,23,12,11,52.17,68990.5,-41355.26,20.48,,34.63,167546.09999999992,-134517.2999999999,37.3,0.83,1.11,0.0177,0.04,344,176,73,103,41.48,12481.84,-17423.69,25.44,,91.72,59388.100000000006,-164220.34999999998,-88.35,-0.4,-0.53,0.0194,-0.01
ROSN,engulfing,1D,True,Bayesian_TPE,"{""sampler"":""TPESampler"",""seed"":42,""n_trials"":50,""direction"":""maximize"",""objective"":""composite = Sharpe * (Return% / MaxDD%)""}",4,0.559,"{""doji_tol"":0.08,""wick_body_ratio"":2.6,""allowshort"":true}",2014-01-01,2024-12-31,2025-01-01,2026-04-20,2014-01-01,2026-04-20,286,153,61,92,39.87,13810.5,-19087.78,26.16,,91.72,59388.100000000006,-164220.34999999998,-91.36,-0.56,-0.75,0.0197,-0.01,58,23,12,11,52.17,68990.5,-41355.26,20.48,,34.63,167546.09999999992,-134517.2999999999,37.3,0.83,1.11,0.0177,0.04,344,176,73,103,41.48,12481.84,-17423.69,25.44,,91.72,59388.100000000006,-164220.34999999998,-88.35,-0.4,-0.53,0.0194,-0.01
ROSN,engulfing,1D,True,Bayesian_TPE,"{""sampler"":""TPESampler"",""seed"":42,""n_trials"":50,""direction"":""maximize"",""objective"":""composite = Sharpe * (Return% / MaxDD%)""}",5,0.559,"{""doji_tol"":0.14,""wick_body_ratio"":2.0,""allowshort"":true}",2014-01-01,2024-12-31,2025-01-01,2026-04-20,2014-01-01,2026-04-20,286,153,61,92,39.87,13810.5,-19087.78,26.16,,91.72,59388.100000000006,-164220.34999999998,-91.36,-0.56,-0.75,0.0197,-0.01,58,23,12,11,52.17,68990.5,-41355.26,20.48,,34.63,167546.09999999992,-134517.2999999999,37.3,0.83,1.11,0.0177,0.04,344,176,73,103,41.48,12481.84,-17423.69,25.44,,91.72,59388.100000000006,-164220.34999999998,-88.35,-0.4,-0.53,0.0194,-0.01
ROSN,hammerdoji,1D,True,Bayesian_TPE,"{""sampler"":""TPESampler"",""seed"":42,""n_trials"":50,""direction"":""maximize"",""objective"":""composite = Sharpe * (Return% / MaxDD%)""}",1,0.673,"{""doji_tol"":0.05,""wick_body_ratio"":2.7,""allowshort"":true}",2014-01-01,2024-12-31,2025-01-01,2026-04-20,2014-01-01,2026-04-20,276,137,66,71,48.18,17478.22,-29646.51,29.17,,95.75,119344.04999999996,-345978.4999999999,-95.13,-0.68,-0.78,0.0205,-0.01,33,13,4,9,30.77,46814.96,-56421.13,34.69,,38.86,129848.69999999998,-210179.3999999999,-32.05,-0.74,-1.01,0.0169,-0.03,309,150,70,80,46.67,16634.44,-26559.73,29.81,,96.62,119344.04999999996,-345978.4999999999,-96.04,-0.63,-0.74,0.0202,-0.01
ROSN,hammerdoji,1D,True,Bayesian_TPE,"{""sampler"":""TPESampler"",""seed"":42,""n_trials"":50,""direction"":""maximize"",""objective"":""composite = Sharpe * (Return% / MaxDD%)""}",2,0.58,"{""doji_tol"":0.09,""wick_body_ratio"":2.1,""allowshort"":true}",2014-01-01,2024-12-31,2025-01-01,2026-04-20,2014-01-01,2026-04-20,457,219,104,115,47.49,24460.51,-30187.77,18.25,,93.29,135343.7,-310537.5,-92.77,-0.58,-0.67,0.0201,-0.01,63,31,15,16,48.39,16953.64,-42732.4,14.55,,45.6,64065.10000000005,-164745.90000000005,-42.94,-1.12,-1.46,0.0172,-0.04,520,250,119,131,47.6,21561.79,-26842.78,17.88,,95.52,135343.7,-310537.5,-95.06,-0.59,-0.69,0.0199,-0.01
ROSN,hammerdoji,1D,True,Bayesian_TPE,"{""sampler"":""TPESampler"",""seed"":42,""n_trials"":50,""direction"":""maximize"",""objective"":""composite = Sharpe * (Return% / MaxDD%)""}",3,0.58,"{""doji_tol"":0.09,""wick_body_ratio"":2.1,""allowshort"":true}",2014-01-01,2024-12-31,2025-01-01,2026-04-20,2014-01-01,2026-04-20,457,219,104,115,47.49,24460.51,-30187.77,18.25,,93.29,135343.7,-310537.5,-92.77,-0.58,-0.67,0.0201,-0.01,63,31,15,16,48.39,16953.64,-42732.4,14.55,,45.6,64065.10000000005,-164745.90000000005,-42.94,-1.12,-1.46,0.0172,-0.04,520,250,119,131,47.6,21561.79,-26842.78,17.88,,95.52,135343.7,-310537.5,-95.06,-0.59,-0.69,0.0199,-0.01
ROSN,hammerdoji,1D,True,Bayesian_TPE,"{""sampler"":""TPESampler"",""seed"":42,""n_trials"":50,""direction"":""maximize"",""objective"":""composite = Sharpe * (Return% / MaxDD%)""}",4,0.557,"{""doji_tol"":0.05,""wick_body_ratio"":2.0,""allowshort"":true}",2014-01-01,2024-12-31,2025-01-01,2026-04-20,2014-01-01,2026-04-20,356,173,89,84,51.45,15258.0,-27177.6,23.1,,92.86,123237.03000000004,-344653.35,-92.5,-0.56,-0.63,0.0204,-0.01,50,23,8,15,34.78,32694.51,-46465.29,19.61,,49.2,65699.20000000006,-174598.19999999995,-43.54,-1.15,-1.45,0.0171,-0.04,406,196,97,99,49.49,14241.93,-23541.38,22.81,,95.27,123237.03000000004,-344653.35,-94.91,-0.57,-0.66,0.0201,-0.01
ROSN,hammerdoji,1D,True,Bayesian_TPE,"{""sampler"":""TPESampler"",""seed"":42,""n_trials"":50,""direction"":""maximize"",""objective"":""composite = Sharpe * (Return% / MaxDD%)""}",5,0.557,"{""doji_tol"":0.11,""wick_body_ratio"":1.8,""allowshort"":true}",2014-01-01,2024-12-31,2025-01-01,2026-04-20,2014-01-01,2026-04-20,571,261,128,132,49.04,23285.17,-29560.99,15.31,,92.95,146099.2,-359691.14999999997,-92.15,-0.56,-0.64,0.0201,-0.01,81,45,23,22,51.11,24204.9,-36616.38,10.02,,34.59,96689.70000000008,-84444.40000000014,-24.88,-0.51,-0.7,0.0171,-0.03,652,306,151,154,49.35,20084.5,-25727.93,14.61,,94.18,146099.2,-359691.14999999997,-92.93,-0.51,-0.59,0.0198,-0.01
ROSN,harami,1D,False,Bayesian_TPE,"{""sampler"":""TPESampler"",""seed"":42,""n_trials"":50,""direction"":""maximize"",""objective"":""composite = Sharpe * (Return% / MaxDD%)""}",1,0.333,"{""doji_tol"":0.13,""wick_body_ratio"":2.4,""allowshort"":false}",2014-01-01,2024-12-31,2025-01-01,2026-04-20,2014-01-01,2026-04-20,25,7,4,3,57.14,195462.97,-49604.75,224.14,,60.92,396014.4000000001,-86228.54999999992,63.3,0.32,0.21,0.0143,0.01,9,2,1,1,50.0,63117.6,-228823.0,184.0,,32.22,63117.599999999955,-228823.00000000012,-16.57,-0.33,-0.46,0.0155,-0.02,34,9,5,4,55.56,176983.05,-130600.01,215.22,,60.92,396014.4000000001,-373585.80000000016,36.25,0.23,0.17,0.0145,0.01
ROSN,harami,1D,False,Bayesian_TPE,"{""sampler"":""TPESampler"",""seed"":42,""n_trials"":50,""direction"":""maximize"",""objective"":""composite = Sharpe * (Return% / MaxDD%)""}",2,0.333,"{""doji_tol"":0.12,""wick_body_ratio"":3.5,""allowshort"":false}",2014-01-01,2024-12-31,2025-01-01,2026-04-20,2014-01-01,2026-04-20,25,7,4,3,57.14,195462.97,-49604.75,224.14,,60.92,396014.4000000001,-86228.54999999992,63.3,0.32,0.21,0.0143,0.01,9,2,1,1,50.0,63117.6,-228823.0,184.0,,32.22,63117.599999999955,-228823.00000000012,-16.57,-0.33,-0.46,0.0155,-0.02,34,9,5,4,55.56,176983.05,-130600.01,215.22,,60.92,396014.4000000001,-373585.80000000016,36.25,0.23,0.17,0.0145,0.01
ROSN,harami,1D,False,Bayesian_TPE,"{""sampler"":""TPESampler"",""seed"":42,""n_trials"":50,""direction"":""maximize"",""objective"":""composite = Sharpe * (Return% / MaxDD%)""}",3,0.333,"{""doji_tol"":0.18,""wick_body_ratio"":1.5,""allowshort"":false}",2014-01-01,2024-12-31,2025-01-01,2026-04-20,2014-01-01,2026-04-20,25,7,4,3,57.14,195462.97,-49604.75,224.14,,60.92,396014.4000000001,-86228.54999999992,63.3,0.32,0.21,0.0143,0.01,9,2,1,1,50.0,63117.6,-228823.0,184.0,,32.22,63117.599999999955,-228823.00000000012,-16.57,-0.33,-0.46,0.0155,-0.02,34,9,5,4,55.56,176983.05,-130600.01,215.22,,60.92,396014.4000000001,-373585.80000000016,36.25,0.23,0.17,0.0145,0.01
ROSN,harami,1D,False,Bayesian_TPE,"{""sampler"":""TPESampler"",""seed"":42,""n_trials"":50,""direction"":""maximize"",""objective"":""composite = Sharpe * (Return% / MaxDD%)""}",4,0.333,"{""doji_tol"":0.14,""wick_body_ratio"":1.9,""allowshort"":false}",2014-01-01,2024-12-31,2025-01-01,2026-04-20,2014-01-01,2026-04-20,25,7,4,3,57.14,195462.97,-49604.75,224.14,,60.92,396014.4000000001,-86228.54999999992,63.3,0.32,0.21,0.0143,0.01,9,2,1,1,50.0,63117.6,-228823.0,184.0,,32.22,63117.599999999955,-228823.00000000012,-16.57,-0.33,-0.46,0.0155,-0.02,34,9,5,4,55.56,176983.05,-130600.01,215.22,,60.92,396014.4000000001,-373585.80000000016,36.25,0.23,0.17,0.0145,0.01
ROSN,harami,1D,False,Bayesian_TPE,"{""sampler"":""TPESampler"",""seed"":42,""n_trials"":50,""direction"":""maximize"",""objective"":""composite = Sharpe * (Return% / MaxDD%)""}",5,0.333,"{""doji_tol"":0.16,""wick_body_ratio"":1.7,""allowshort"":false}",2014-01-01,2024-12-31,2025-01-01,2026-04-20,2014-01-01,2026-04-20,25,7,4,3,57.14,195462.97,-49604.75,224.14,,60.92,396014.4000000001,-86228.54999999992,63.3,0.32,0.21,0.0143,0.01,9,2,1,1,50.0,63117.6,-228823.0,184.0,,32.22,63117.599999999955,-228823.00000000012,-16.57,-0.33,-0.46,0.0155,-0.02,34,9,5,4,55.56,176983.05,-130600.01,215.22,,60.92,396014.4000000001,-373585.80000000016,36.25,0.23,0.17,0.0145,0.01
ROSN,candle_ensemble,1D,False,Bayesian_TPE,"{""sampler"":""TPESampler"",""seed"":42,""n_trials"":50,""direction"":""maximize"",""objective"":""composite = Sharpe * (Return% / MaxDD%)""}",1,5.864,"{""ensemble_window"":4,""min_votes"":3,""doji_tol"":0.11,""wick_body_ratio"":1.5,""allowshort"":false}",2014-01-01,2024-12-31,2025-01-01,2026-04-20,2014-01-01,2026-04-20,60,15,9,6,60.0,351442.42,-60051.96,139.6,,35.7,998666.25,-238051.20000000013,280.27,0.75,0.79,0.0118,0.02,6,1,1,0,100.0,84926.8,0.0,126.0,,16.56,84926.79999999989,84926.79999999989,8.49,0.46,0.36,0.0078,0.02,66,16,9,7,56.25,287696.78,-105608.76,148.31,,35.7,998666.25,-378949.6000000002,185.0,0.53,0.57,0.0119,0.02
ROSN,candle_ensemble,1D,False,Bayesian_TPE,"{""sampler"":""TPESampler"",""seed"":42,""n_trials"":50,""direction"":""maximize"",""objective"":""composite = Sharpe * (Return% / MaxDD%)""}",2,4.609,"{""ensemble_window"":4,""min_votes"":3,""doji_tol"":0.09,""wick_body_ratio"":2.7,""allowshort"":false}",2014-01-01,2024-12-31,2025-01-01,2026-04-20,2014-01-01,2026-04-20,28,6,5,1,83.33,526035.29,-277712.7,399.67,,33.74,1082506.0,-277712.7000000001,235.25,0.66,0.78,0.0124,0.02,2,1,0,1,0.0,0.0,-73849.35,13.0,,10.41,-73849.3500000001,-73849.3500000001,-7.38,-0.76,-0.19,0.0037,-0.03,30,7,5,2,71.43,526035.29,-262684.2,344.43,,33.74,1082506.0,-277712.7000000001,210.48,0.58,0.64,0.0116,0.02
ROSN,candle_ensemble,1D,True,Bayesian_TPE,"{""sampler"":""TPESampler"",""seed"":42,""n_trials"":50,""direction"":""maximize"",""objective"":""composite = Sharpe * (Return% / MaxDD%)""}",3,4.163,"{""ensemble_window"":5,""min_votes"":4,""doji_tol"":0.16,""wick_body_ratio"":2.7,""allowshort"":true}",2014-01-01,2024-12-31,2025-01-01,2026-04-20,2014-01-01,2026-04-20,7,3,3,0,100.0,1136617.87,0.0,1028.33,,54.3,1669114.4,798041.4,340.99,0.66,0.83,0.0159,0.02,0,0,0,0,0.0,0.0,0.0,0.0,,0.0,0.0,0.0,0.0,,,0.0,,7,3,3,0,100.0,729404.4,0.0,1186.67,,54.3,942697.8,447474.0,218.82,0.49,0.63,0.0161,0.01
ROSN,candle_ensemble,1D,False,Bayesian_TPE,"{""sampler"":""TPESampler"",""seed"":42,""n_trials"":50,""direction"":""maximize"",""objective"":""composite = Sharpe * (Return% / MaxDD%)""}",4,2.85,"{""ensemble_window"":4,""min_votes"":3,""doji_tol"":0.1,""wick_body_ratio"":2.8,""allowshort"":false}",2014-01-01,2024-12-31,2025-01-01,2026-04-20,2014-01-01,2026-04-20,33,7,5,2,71.43,427649.2,-150182.91,350.71,,37.6,1038633.75,-218257.0,183.79,0.58,0.68,0.0124,0.02,2,1,0,1,0.0,0.0,-73849.35,13.0,,10.41,-73849.3500000001,-73849.3500000001,-7.38,-0.76,-0.19,0.0037,-0.03,35,8,5,3,62.5,427649.2,-169998.64,308.5,,37.6,1038633.75,-218257.0,162.83,0.51,0.55,0.0116,0.02
ROSN,candle_ensemble,1D,False,Bayesian_TPE,"{""sampler"":""TPESampler"",""seed"":42,""n_trials"":50,""direction"":""maximize"",""objective"":""composite = Sharpe * (Return% / MaxDD%)""}",5,2.85,"{""ensemble_window"":4,""min_votes"":3,""doji_tol"":0.1,""wick_body_ratio"":2.8,""allowshort"":false}",2014-01-01,2024-12-31,2025-01-01,2026-04-20,2014-01-01,2026-04-20,33,7,5,2,71.43,427649.2,-150182.91,350.71,,37.6,1038633.75,-218257.0,183.79,0.58,0.68,0.0124,0.02,2,1,0,1,0.0,0.0,-73849.35,13.0,,10.41,-73849.3500000001,-73849.3500000001,-7.38,-0.76,-0.19,0.0037,-0.03,35,8,5,3,62.5,427649.2,-169998.64,308.5,,37.6,1038633.75,-218257.0,162.83,0.51,0.55,0.0116,0.02
SBER,ema,1D,False,Bayesian_TPE,"{""sampler"":""TPESampler"",""seed"":42,""n_trials"":50,""direction"":""maximize"",""objective"":""composite = Sharpe * (Return% / MaxDD%)""}",1,19.154,"{""short_ema"":5,""long_ema"":51,""allowshort"":false}",2014-01-01,2024-12-31,2025-01-01,2026-04-20,2014-01-01,2026-04-20,71,36,18,18,50.0,395787.17,-69172.21,69.64,,29.62,3003792.16,-236023.7000000002,587.91,0.97,1.14,0.0129,0.04,20,10,3,7,30.0,21943.59,-20319.94,22.7,,16.11,54007.56000000003,-42593.28000000007,-7.64,-0.45,-0.37,0.0061,-0.02,91,46,21,25,45.65,389123.78,-92122.75,61.48,,29.62,3003792.16,-316858.32000000053,586.85,0.88,1.03,0.0124,0.04
SBER,ema,1D,False,Bayesian_TPE,"{""sampler"":""TPESampler"",""seed"":42,""n_trials"":50,""direction"":""maximize"",""objective"":""composite = Sharpe * (Return% / MaxDD%)""}",2,17.097,"{""short_ema"":6,""long_ema"":50,""allowshort"":false}",2014-01-01,2024-12-31,2025-01-01,2026-04-20,2014-01-01,2026-04-20,69,35,17,18,48.57,387219.04,-67190.81,71.46,,29.26,2688571.55,-225035.12000000017,537.33,0.93,1.11,0.0129,0.04,20,10,3,7,30.0,20546.32,-23600.15,23.0,,18.57,52412.40000000002,-43742.60000000006,-10.36,-0.62,-0.51,0.0062,-0.02,89,45,20,25,44.44,376214.98,-93913.63,62.78,,29.26,2688571.55,-301426.28000000044,517.65,0.83,0.98,0.0124,0.04
SBER,ema,1D,False,Bayesian_TPE,"{""sampler"":""TPESampler"",""seed"":42,""n_trials"":50,""direction"":""maximize"",""objective"":""composite = Sharpe * (Return% / MaxDD%)""}",3,13.222,"{""short_ema"":7,""long_ema"":50,""allowshort"":false}",2014-01-01,2024-12-31,2025-01-01,2026-04-20,2014-01-01,2026-04-20,67,34,15,19,44.12,410335.45,-67177.37,73.35,,33.06,2485578.9,-297027.7199999999,487.87,0.9,1.06,0.0128,0.03,20,10,2,8,20.0,26236.21,-20256.68,23.1,,19.12,52051.590000000026,-43742.60000000006,-10.96,-0.66,-0.55,0.0063,-0.02,87,44,17,27,38.64,387921.15,-83308.44,64.09,,33.06,2485578.9,-297027.7199999999,434.53,0.77,0.91,0.0124,0.03
SBER,ema,1D,False,Bayesian_TPE,"{""sampler"":""TPESampler"",""seed"":42,""n_trials"":50,""direction"":""maximize"",""objective"":""composite = Sharpe * (Return% / MaxDD%)""}",4,9.402,"{""short_ema"":5,""long_ema"":52,""allowshort"":false}",2014-01-01,2024-12-31,2025-01-01,2026-04-20,2014-01-01,2026-04-20,73,37,17,20,45.95,351471.59,-77164.97,67.76,,39.69,2338829.46,-359882.23999999993,443.17,0.84,0.92,0.0132,0.03,20,10,3,7,30.0,24872.76,-20437.45,22.8,,15.38,54463.32000000003,-42975.60000000008,-6.84,-0.39,-0.32,0.0062,-0.02,93,47,20,27,42.55,342686.18,-88276.71,60.19,,39.69,2338829.46,-359882.23999999993,447.03,0.77,0.84,0.0127,0.02
SBER,ema,1D,False,Bayesian_TPE,"{""sampler"":""TPESampler"",""seed"":42,""n_trials"":50,""direction"":""maximize"",""objective"":""composite = Sharpe * (Return% / MaxDD%)""}",5,9.402,"{""short_ema"":5,""long_ema"":52,""allowshort"":false}",2014-01-01,2024-12-31,2025-01-01,2026-04-20,2014-01-01,2026-04-20,73,37,17,20,45.95,351471.59,-77164.97,67.76,,39.69,2338829.46,-359882.23999999993,443.17,0.84,0.92,0.0132,0.03,20,10,3,7,30.0,24872.76,-20437.45,22.8,,15.38,54463.32000000003,-42975.60000000008,-6.84,-0.39,-0.32,0.0062,-0.02,93,47,20,27,42.55,342686.18,-88276.71,60.19,,39.69,2338829.46,-359882.23999999993,447.03,0.77,0.84,0.0127,0.02
SBER,rsi,1D,False,Bayesian_TPE,"{""sampler"":""TPESampler"",""seed"":42,""n_trials"":50,""direction"":""maximize"",""objective"":""composite = Sharpe * (Return% / MaxDD%)""}",1,1.86,"{""rsi_lower"":33,""rsi_upper"":87,""rsi_window"":27,""allowshort"":false}",2014-01-01,2024-12-31,2025-01-01,2026-04-20,2014-01-01,2026-04-20,15,1,1,0,100.0,2630360.32,0.0,3941.0,,73.81,2630360.3200000003,2630360.3200000003,263.04,0.52,0.62,0.0216,0.02,1,1,1,0,100.0,117647.79,0.0,195.0,,6.91,117647.79,117647.79,11.76,0.74,0.72,0.0062,0.07,16,1,1,0,100.0,3219157.76,0.0,4416.0,,73.81,3219157.76,3219157.76,321.92,0.52,0.61,0.0206,0.01
SBER,rsi,1D,False,Bayesian_TPE,"{""sampler"":""TPESampler"",""seed"":42,""n_trials"":50,""direction"":""maximize"",""objective"":""composite = Sharpe * (Return% / MaxDD%)""}",2,1.86,"{""rsi_lower"":33,""rsi_upper"":87,""rsi_window"":27,""allowshort"":false}",2014-01-01,2024-12-31,2025-01-01,2026-04-20,2014-01-01,2026-04-20,15,1,1,0,100.0,2630360.32,0.0,3941.0,,73.81,2630360.3200000003,2630360.3200000003,263.04,0.52,0.62,0.0216,0.02,1,1,1,0,100.0,117647.79,0.0,195.0,,6.91,117647.79,117647.79,11.76,0.74,0.72,0.0062,0.07,16,1,1,0,100.0,3219157.76,0.0,4416.0,,73.81,3219157.76,3219157.76,321.92,0.52,0.61,0.0206,0.01
SBER,rsi,1D,False,Bayesian_TPE,"{""sampler"":""TPESampler"",""seed"":42,""n_trials"":50,""direction"":""maximize"",""objective"":""composite = Sharpe * (Return% / MaxDD%)""}",3,1.86,"{""rsi_lower"":31,""rsi_upper"":89,""rsi_window"":26,""allowshort"":false}",2014-01-01,2024-12-31,2025-01-01,2026-04-20,2014-01-01,2026-04-20,11,1,1,0,100.0,2630360.32,0.0,3941.0,,73.81,2630360.3200000003,2630360.3200000003,263.04,0.52,0.62,0.0216,0.02,1,1,1,0,100.0,151626.96,0.0,196.0,,6.91,151626.95999999996,151626.95999999996,15.16,0.9,0.91,0.0064,0.08,12,1,1,0,100.0,3219157.76,0.0,4416.0,,73.81,3219157.76,3219157.76,321.92,0.52,0.61,0.0206,0.01
SBER,rsi,1D,False,Bayesian_TPE,"{""sampler"":""TPESampler"",""seed"":42,""n_trials"":50,""direction"":""maximize"",""objective"":""composite = Sharpe * (Return% / MaxDD%)""}",4,1.86,"{""rsi_lower"":33,""rsi_upper"":86,""rsi_window"":29,""allowshort"":false}",2014-01-01,2024-12-31,2025-01-01,2026-04-20,2014-01-01,2026-04-20,15,1,1,0,100.0,2630360.32,0.0,3941.0,,73.81,2630360.3200000003,2630360.3200000003,263.04,0.52,0.62,0.0216,0.02,1,1,1,0,100.0,151626.96,0.0,196.0,,6.91,151626.95999999996,151626.95999999996,15.16,0.9,0.91,0.0064,0.08,16,1,1,0,100.0,3219157.76,0.0,4416.0,,73.81,3219157.76,3219157.76,321.92,0.52,0.61,0.0206,0.01
SBER,rsi,1D,False,Bayesian_TPE,"{""sampler"":""TPESampler"",""seed"":42,""n_trials"":50,""direction"":""maximize"",""objective"":""composite = Sharpe * (Return% / MaxDD%)""}",5,1.86,"{""rsi_lower"":33,""rsi_upper"":87,""rsi_window"":27,""allowshort"":false}",2014-01-01,2024-12-31,2025-01-01,2026-04-20,2014-01-01,2026-04-20,15,1,1,0,100.0,2630360.32,0.0,3941.0,,73.81,2630360.3200000003,2630360.3200000003,263.04,0.52,0.62,0.0216,0.02,1,1,1,0,100.0,117647.79,0.0,195.0,,6.91,117647.79,117647.79,11.76,0.74,0.72,0.0062,0.07,16,1,1,0,100.0,3219157.76,0.0,4416.0,,73.81,3219157.76,3219157.76,321.92,0.52,0.61,0.0206,0.01
SBER,macd,1D,True,Bayesian_TPE,"{""sampler"":""TPESampler"",""seed"":42,""n_trials"":50,""direction"":""maximize"",""objective"":""composite = Sharpe * (Return% / MaxDD%)""}",1,17.118,"{""macd_fast"":6,""macd_slow"":37,""macd_signal"":8,""allowshort"":true}",2014-01-01,2024-12-31,2025-01-01,2026-04-20,2014-01-01,2026-04-20,241,241,102,139,42.32,247447.13,-118610.73,16.61,,41.57,1719970.56,-1431473.7600000002,875.27,0.81,1.28,0.02,0.04,44,44,14,30,31.82,23504.79,-14091.99,10.32,,19.48,72307.92000000003,-52187.39999999985,-9.37,-0.25,-0.34,0.0112,-0.01,285,285,116,169,40.7,244755.86,-121846.72,15.72,,41.57,1676692.0799999996,-1431473.7600000002,779.96,0.72,1.12,0.0191,0.03
SBER,macd,1D,True,Bayesian_TPE,"{""sampler"":""TPESampler"",""seed"":42,""n_trials"":50,""direction"":""maximize"",""objective"":""composite = Sharpe * (Return% / MaxDD%)""}",2,17.118,"{""macd_fast"":6,""macd_slow"":37,""macd_signal"":8,""allowshort"":true}",2014-01-01,2024-12-31,2025-01-01,2026-04-20,2014-01-01,2026-04-20,241,241,102,139,42.32,247447.13,-118610.73,16.61,,41.57,1719970.56,-1431473.7600000002,875.27,0.81,1.28,0.02,0.04,44,44,14,30,31.82,23504.79,-14091.99,10.32,,19.48,72307.92000000003,-52187.39999999985,-9.37,-0.25,-0.34,0.0112,-0.01,285,285,116,169,40.7,244755.86,-121846.72,15.72,,41.57,1676692.0799999996,-1431473.7600000002,779.96,0.72,1.12,0.0191,0.03
SBER,macd,1D,False,Bayesian_TPE,"{""sampler"":""TPESampler"",""seed"":42,""n_trials"":50,""direction"":""maximize"",""objective"":""composite = Sharpe * (Return% / MaxDD%)""}",3,12.41,"{""macd_fast"":7,""macd_slow"":45,""macd_signal"":6,""allowshort"":false}",2014-01-01,2024-12-31,2025-01-01,2026-04-20,2014-01-01,2026-04-20,247,124,62,62,50.0,185079.7,-92336.02,15.84,,41.7,1190407.68,-600881.2400000001,575.01,0.9,0.91,0.0139,0.03,42,21,11,10,52.38,18497.41,-14084.31,9.43,,10.32,85386.18000000008,-25541.17999999998,6.26,0.34,0.32,0.0084,0.03,289,145,73,72,50.34,175513.94,-92659.7,15.06,,41.7,1160454.2399999998,-600881.2400000001,614.1,0.84,0.84,0.0134,0.03
SBER,macd,1D,False,Bayesian_TPE,"{""sampler"":""TPESampler"",""seed"":42,""n_trials"":50,""direction"":""maximize"",""objective"":""composite = Sharpe * (Return% / MaxDD%)""}",4,11.651,"{""macd_fast"":7,""macd_slow"":43,""macd_signal"":6,""allowshort"":false}",2014-01-01,2024-12-31,2025-01-01,2026-04-20,2014-01-01,2026-04-20,249,125,63,62,50.4,172268.76,-86204.49,15.78,,41.7,1147780.48,-565717.54,550.83,0.88,0.89,0.014,0.03,42,21,11,10,52.38,18497.41,-14084.31,9.43,,10.32,85386.18000000008,-25541.17999999998,6.26,0.34,0.32,0.0084,0.03,291,146,74,72,50.68,164089.1,-86908.69,15.01,,41.7,1118899.64,-565717.54,588.52,0.83,0.82,0.0134,0.03
SBER,macd,1D,False,Bayesian_TPE,"{""sampler"":""TPESampler"",""seed"":42,""n_trials"":50,""direction"":""maximize"",""objective"":""composite = Sharpe * (Return% / MaxDD%)""}",5,11.621,"{""macd_fast"":8,""macd_slow"":44,""macd_signal"":6,""allowshort"":false}",2014-01-01,2024-12-31,2025-01-01,2026-04-20,2014-01-01,2026-04-20,231,116,54,62,46.55,214077.89,-92141.16,17.0,,45.89,1207606.4,-905010.4,584.75,0.91,0.92,0.0138,0.03,46,23,10,13,43.48,17754.52,-11740.64,8.52,,11.61,69925.4400000001,-25177.819999999974,2.49,0.18,0.17,0.0083,0.01,277,139,64,75,46.04,199067.92,-90045.9,15.75,,45.89,1177220.1999999995,-905010.4,598.69,0.84,0.83,0.0132,0.02
SBER,breakout_pivot,1D,True,Bayesian_TPE,"{""sampler"":""TPESampler"",""seed"":42,""n_trials"":50,""direction"":""maximize"",""objective"":""composite = Sharpe * (Return% / MaxDD%)""}",1,21.944,"{""lookback"":206,""pivot_window"":7,""min_touches"":4,""tolerance_atr_mult"":0.65,""cluster_atr_mult"":0.7,""confirmation_bars"":1,""cooldown_bars"":8,""allowshort"":true}",2014-01-01,2024-12-31,2025-01-01,2026-04-20,2014-01-01,2026-04-20,33,7,6,1,85.71,1362001.56,-157118.28,368.43,,34.99,4826380.24,-157118.28000000012,801.49,0.96,1.11,0.0151,0.04,9,2,2,0,100.0,50531.41,0.0,51.5,,2.56,71630.69999999998,29432.119999999937,10.11,1.34,1.26,0.0028,0.15,42,9,8,1,88.89,1135401.31,-157118.28,298.0,,34.99,4826380.24,-157118.28000000012,892.61,0.93,1.02,0.0141,0.04
SBER,breakout_pivot,1D,True,Bayesian_TPE,"{""sampler"":""TPESampler"",""seed"":42,""n_trials"":50,""direction"":""maximize"",""objective"":""composite = Sharpe * (Return% / MaxDD%)""}",2,17.398,"{""lookback"":180,""pivot_window"":3,""min_touches"":5,""tolerance_atr_mult"":1.2,""cluster_atr_mult"":0.5,""confirmation_bars"":1,""cooldown_bars"":14,""allowshort"":true}",2014-01-01,2024-12-31,2025-01-01,2026-04-20,2014-01-01,2026-04-20,106,30,18,12,60.0,445519.2,-185991.71,65.97,,32.4,3364450.7500000005,-844918.5800000002,578.74,0.97,0.94,0.0126,0.04,25,9,5,4,55.56,31725.27,-23320.52,27.89,,16.12,55489.5,-52753.85999999994,6.53,0.32,0.35,0.0098,0.02,131,38,22,16,57.89,423334.34,-180167.77,59.68,,32.4,3364450.7500000005,-844918.5800000002,643.07,0.91,0.9,0.0124,0.03
SBER,breakout_pivot,1D,True,Bayesian_TPE,"{""sampler"":""TPESampler"",""seed"":42,""n_trials"":50,""direction"":""maximize"",""objective"":""composite = Sharpe * (Return% / MaxDD%)""}",3,16.061,"{""lookback"":183,""pivot_window"":3,""min_touches"":5,""tolerance_atr_mult"":1.05,""cluster_atr_mult"":0.5,""confirmation_bars"":1,""cooldown_bars"":13,""allowshort"":true}",2014-01-01,2024-12-31,2025-01-01,2026-04-20,2014-01-01,2026-04-20,103,28,16,12,57.14,425468.2,-117599.7,64.86,,32.49,2926881.6400000006,-739049.6000000001,539.63,0.97,0.89,0.0123,0.04,24,8,4,4,50.0,25159.12,-12174.5,32.62,,16.18,54005.82000000017,-32962.92999999997,5.19,0.28,0.29,0.0093,0.02,127,35,19,16,54.29,402408.3,-108210.1,60.43,,32.49,2926881.6400000006,-739049.6000000001,591.44,0.9,0.85,0.012,0.03
SBER,breakout_pivot,1D,True,Bayesian_TPE,"{""sampler"":""TPESampler"",""seed"":42,""n_trials"":50,""direction"":""maximize"",""objective"":""composite = Sharpe * (Return% / MaxDD%)""}",4,15.773,"{""lookback"":180,""pivot_window"":3,""min_touches"":5,""tolerance_atr_mult"":1.1500000000000001,""cluster_atr_mult"":0.5,""confirmation_bars"":1,""cooldown_bars"":15,""allowshort"":true}",2014-01-01,2024-12-31,2025-01-01,2026-04-20,2014-01-01,2026-04-20,98,29,17,12,58.62,430804.89,-163473.02,65.48,,32.5,3092246.4900000007,-780811.2000000002,536.2,0.96,0.9,0.0124,0.04,24,9,5,4,55.56,31725.27,-23320.52,27.89,,16.12,55489.5,-52753.85999999994,6.53,0.32,0.35,0.0098,0.02,122,37,21,16,56.76,406502.85,-160729.07,59.14,,32.5,3092246.4900000007,-780811.2000000002,596.49,0.89,0.86,0.0122,0.03
SBER,breakout_pivot,1D,True,Bayesian_TPE,"{""sampler"":""TPESampler"",""seed"":42,""n_trials"":50,""direction"":""maximize"",""objective"":""composite = Sharpe * (Return% / MaxDD%)""}",5,14.482,"{""lookback"":179,""pivot_window"":3,""min_touches"":5,""tolerance_atr_mult"":0.65,""cluster_atr_mult"":0.7,""confirmation_bars"":1,""cooldown_bars"":13,""allowshort"":true}",2014-01-01,2024-12-31,2025-01-01,2026-04-20,2014-01-01,2026-04-20,77,20,12,8,60.0,395140.55,-55076.4,88.4,,26.7,2213075.25,-149042.30000000002,430.11,0.9,0.87,0.0119,0.04,19,8,3,5,37.5,37292.41,-12120.24,32.88,,13.49,54005.82000000017,-23695.10000000011,5.13,0.28,0.29,0.009,0.02,96,27,14,13,51.85,392689.32,-59291.35,76.63,,26.7,2213075.25,-149042.30000000002,472.69,0.84,0.82,0.0116,0.04
SBER,breakout_ols,1D,True,Bayesian_TPE,"{""sampler"":""TPESampler"",""seed"":42,""n_trials"":50,""direction"":""maximize"",""objective"":""composite = Sharpe * (Return% / MaxDD%)""}",1,43.161,"{""lookback"":173,""pivot_window"":3,""min_touches"":2,""tolerance_atr_mult"":0.8500000000000001,""cluster_atr_mult"":0.9000000000000001,""confirmation_bars"":2,""cooldown_bars"":4,""allowshort"":true}",2014-01-01,2024-12-31,2025-01-01,2026-04-20,2014-01-01,2026-04-20,197,34,23,11,67.65,568210.09,-319339.82,65.26,,25.55,4330329.74,-978425.5199999989,955.61,1.15,1.26,0.0129,0.06,33,8,3,5,37.5,19138.62,-18762.92,25.75,,20.42,37915.77999999994,-38820.879999999874,-3.64,-0.12,-0.1,0.0077,-0.0,230,42,26,16,61.9,518184.67,-280330.16,57.9,,25.55,4330329.74,-978425.5199999989,898.75,1.03,1.09,0.0124,0.05
SBER,breakout_ols,1D,True,Bayesian_TPE,"{""sampler"":""TPESampler"",""seed"":42,""n_trials"":50,""direction"":""maximize"",""objective"":""composite = Sharpe * (Return% / MaxDD%)""}",2,43.025,"{""lookback"":162,""pivot_window"":3,""min_touches"":2,""tolerance_atr_mult"":0.8,""cluster_atr_mult"":0.8500000000000001,""confirmation_bars"":2,""cooldown_bars"":4,""allowshort"":true}",2014-01-01,2024-12-31,2025-01-01,2026-04-20,2014-01-01,2026-04-20,198,37,26,11,70.27,453595.25,-209868.33,59.3,,25.55,4431997.580000001,-647252.4500000008,948.49,1.16,1.25,0.0128,0.06,33,7,3,4,42.86,18923.75,-21076.66,29.86,,20.11,37159.10000000007,-44097.04000000005,-2.75,-0.07,-0.06,0.0079,-0.0,231,44,29,15,65.91,420279.78,-211771.55,54.77,,25.55,4431997.580000001,-647252.4500000008,901.15,1.04,1.09,0.0123,0.05
SBER,breakout_ols,1D,True,Bayesian_TPE,"{""sampler"":""TPESampler"",""seed"":42,""n_trials"":50,""direction"":""maximize"",""objective"":""composite = Sharpe * (Return% / MaxDD%)""}",3,42.861,"{""lookback"":165,""pivot_window"":3,""min_touches"":2,""tolerance_atr_mult"":0.9000000000000001,""cluster_atr_mult"":0.8500000000000001,""confirmation_bars"":2,""cooldown_bars"":4,""allowshort"":true}",2014-01-01,2024-12-31,2025-01-01,2026-04-20,2014-01-01,2026-04-20,194,37,26,11,70.27,498898.5,-298617.69,58.89,,26.6,4353960.600000001,-990512.9399999988,968.66,1.18,1.26,0.0127,0.06,33,6,3,3,50.0,19343.95,-21291.7,37.0,,18.33,37981.900000000074,-35142.03000000014,-0.58,0.03,0.03,0.008,0.0,227,43,29,14,67.44,461616.47,-282513.09,56.0,,26.6,4353960.600000001,-990512.9399999988,943.17,1.06,1.11,0.0122,0.05
SBER,breakout_ols,1D,True,Bayesian_TPE,"{""sampler"":""TPESampler"",""seed"":42,""n_trials"":50,""direction"":""maximize"",""objective"":""composite = Sharpe * (Return% / MaxDD%)""}",4,36.246,"{""lookback"":164,""pivot_window"":3,""min_touches"":2,""tolerance_atr_mult"":0.9000000000000001,""cluster_atr_mult"":1.0,""confirmation_bars"":2,""cooldown_bars"":4,""allowshort"":true}",2014-01-01,2024-12-31,2025-01-01,2026-04-20,2014-01-01,2026-04-20,193,35,22,13,62.86,518005.77,-235422.12,64.0,,25.55,3889862.6800000006,-865312.439999999,833.56,1.11,1.2,0.0127,0.06,30,6,4,2,66.67,17256.14,-39907.92,38.33,,19.87,37788.30000000007,-44848.050000000054,-1.08,0.01,0.01,0.0082,0.0,223,41,26,15,63.41,456150.11,-252820.17,60.41,,25.55,3889862.6800000006,-865312.439999999,806.76,1.0,1.06,0.0122,0.05
SBER,breakout_ols,1D,True,Bayesian_TPE,"{""sampler"":""TPESampler"",""seed"":42,""n_trials"":50,""direction"":""maximize"",""objective"":""composite = Sharpe * (Return% / MaxDD%)""}",5,34.537,"{""lookback"":146,""pivot_window"":4,""min_touches"":2,""tolerance_atr_mult"":0.7,""cluster_atr_mult"":0.95,""confirmation_bars"":3,""cooldown_bars"":8,""allowshort"":true}",2014-01-01,2024-12-31,2025-01-01,2026-04-20,2014-01-01,2026-04-20,133,29,19,10,65.52,579759.89,-288246.28,79.48,,25.55,4433167.29,-1100889.52,813.3,1.09,1.18,0.013,0.06,21,5,3,2,60.0,27531.41,-26146.8,54.4,,18.67,44344.560000000056,-52261.31999999995,3.03,0.2,0.21,0.0092,0.01,154,33,21,12,63.64,578181.88,-281510.13,79.36,,25.55,4433167.29,-1100889.52,876.37,1.01,1.1,0.0126,0.05
SBER,retest_pivot,1D,True,Bayesian_TPE,"{""sampler"":""TPESampler"",""seed"":42,""n_trials"":50,""direction"":""maximize"",""objective"":""composite = Sharpe * (Return% / MaxDD%)""}",1,12.025,"{""lookback"":165,""pivot_window"":6,""min_touches"":4,""tolerance_atr_mult"":1.1,""cluster_atr_mult"":0.35,""confirmation_bars"":1,""cooldown_bars"":4,""retest_window"":21,""cancel_atr_mult"":1.9000000000000001,""allowshort"":true}",2014-01-01,2024-12-31,2025-01-01,2026-04-20,2014-01-01,2026-04-20,81,11,9,2,81.82,547481.1,-66542.17,205.64,,33.33,2712380.0399999996,-115264.25,479.42,0.84,0.94,0.0139,0.03,14,2,2,0,100.0,62513.0,0.0,89.0,,4.16,87362.08000000009,37663.919999999984,12.5,1.12,1.17,0.0042,0.11,95,13,11,2,84.62,513802.75,-66542.17,187.69,,33.33,2712380.0399999996,-115264.25,551.87,0.82,0.88,0.0131,0.03
SBER,retest_pivot,1D,False,Bayesian_TPE,"{""sampler"":""TPESampler"",""seed"":42,""n_trials"":50,""direction"":""maximize"",""objective"":""composite = Sharpe * (Return% / MaxDD%)""}",2,8.218,"{""lookback"":180,""pivot_window"":7,""min_touches"":5,""tolerance_atr_mult"":0.65,""cluster_atr_mult"":0.5,""confirmation_bars"":2,""cooldown_bars"":6,""retest_window"":15,""cancel_atr_mult"":2.0,""allowshort"":false}",2014-01-01,2024-12-31,2025-01-01,2026-04-20,2014-01-01,2026-04-20,6,1,1,0,100.0,2391902.72,0.0,1133.0,,23.78,2391902.72,2391902.72,239.19,0.82,0.69,0.0095,0.03,2,1,1,0,100.0,84184.36,0.0,143.0,,3.25,84184.36000000009,84184.36000000009,8.42,1.04,1.05,0.0031,0.1,8,2,2,0,100.0,1338747.0,0.0,638.0,,23.78,2391902.72,285591.2800000003,267.75,0.8,0.66,0.0089,0.03
SBER,retest_pivot,1D,True,Bayesian_TPE,"{""sampler"":""TPESampler"",""seed"":42,""n_trials"":50,""direction"":""maximize"",""objective"":""composite = Sharpe * (Return% / MaxDD%)""}",3,7.34,"{""lookback"":148,""pivot_window"":6,""min_touches"":4,""tolerance_atr_mult"":1.0,""cluster_atr_mult"":0.3,""confirmation_bars"":1,""cooldown_bars"":4,""retest_window"":23,""cancel_atr_mult"":1.8,""allowshort"":true}",2014-01-01,2024-12-31,2025-01-01,2026-04-20,2014-01-01,2026-04-20,71,11,7,3,63.64,509389.48,-98813.63,182.73,,33.33,1840397.44,-175347.19999999987,326.93,0.73,0.78,0.0136,0.03,15,1,1,0,100.0,99083.52,0.0,180.0,,4.16,99083.5199999999,99083.5199999999,9.91,0.89,0.89,0.0043,0.09,86,12,8,3,66.67,498599.13,-98813.63,182.5,,33.33,1840397.44,-175347.19999999987,369.24,0.71,0.74,0.0128,0.03
SBER,retest_pivot,1D,False,Bayesian_TPE,"{""sampler"":""TPESampler"",""seed"":42,""n_trials"":50,""direction"":""maximize"",""objective"":""composite = Sharpe * (Return% / MaxDD%)""}",4,4.941,"{""lookback"":240,""pivot_window"":3,""min_touches"":5,""tolerance_atr_mult"":0.6000000000000001,""cluster_atr_mult"":1.1500000000000001,""confirmation_bars"":3,""cooldown_bars"":9,""retest_window"":18,""cancel_atr_mult"":2.5,""allowshort"":false}",2014-01-01,2024-12-31,2025-01-01,2026-04-20,2014-01-01,2026-04-20,42,12,6,5,50.0,568695.16,-203299.51,148.5,,37.92,2159837.9999999995,-492844.56000000006,239.57,0.71,0.72,0.012,0.02,13,4,2,2,50.0,5911.95,-45763.82,28.0,,12.93,9825.809999999938,-67812.44,-7.97,-0.51,-0.34,0.0057,-0.02,55,15,8,6,53.33,432364.01,-136821.55,131.53,,37.92,2159837.9999999995,-349542.7,263.8,0.68,0.68,0.0116,0.02
SBER,retest_pivot,1D,True,Bayesian_TPE,"{""sampler"":""TPESampler"",""seed"":42,""n_trials"":50,""direction"":""maximize"",""objective"":""composite = Sharpe * (Return% / MaxDD%)""}",5,4.661,"{""lookback"":158,""pivot_window"":7,""min_touches"":4,""tolerance_atr_mult"":1.05,""cluster_atr_mult"":0.3,""confirmation_bars"":1,""cooldown_bars"":4,""retest_window"":21,""cancel_atr_mult"":1.6,""allowshort"":true}",2014-01-01,2024-12-31,2025-01-01,2026-04-20,2014-01-01,2026-04-20,58,8,6,2,75.0,431040.68,-53904.51,238.25,,34.99,1860664.23,-97724.51999999996,247.84,0.66,0.64,0.0129,0.02,11,2,2,0,100.0,52006.2,0.0,87.5,,4.16,66348.47999999994,37663.919999999984,10.4,0.96,0.98,0.0041,0.09,69,10,8,2,80.0,368511.31,-53904.51,208.1,,34.99,1860664.23,-97724.51999999996,284.03,0.65,0.61,0.0121,0.02
SBER,retest_ols,1D,False,Bayesian_TPE,"{""sampler"":""TPESampler"",""seed"":42,""n_trials"":50,""direction"":""maximize"",""objective"":""composite = Sharpe * (Return% / MaxDD%)""}",1,51.472,"{""lookback"":158,""pivot_window"":3,""min_touches"":2,""tolerance_atr_mult"":0.75,""cluster_atr_mult"":1.0,""confirmation_bars"":3,""cooldown_bars"":19,""retest_window"":11,""cancel_atr_mult"":1.0,""allowshort"":false}",2014-01-01,2024-12-31,2025-01-01,2026-04-20,2014-01-01,2026-04-20,69,16,11,5,68.75,1296925.93,-527192.88,145.31,,27.86,4411835.840000001,-1221658.4000000008,1163.02,1.23,1.38,0.0129,0.06,16,5,4,1,80.0,14604.75,-47998.23,41.8,,21.07,37519.050000000054,-47998.22999999995,1.04,0.11,0.1,0.0081,0.0,85,21,15,6,71.43,1000276.68,-540377.65,120.67,,27.86,4411835.840000001,-1221658.4000000008,1176.19,1.13,1.22,0.0124,0.05
SBER,retest_ols,1D,False,Bayesian_TPE,"{""sampler"":""TPESampler"",""seed"":42,""n_trials"":50,""direction"":""maximize"",""objective"":""composite = Sharpe * (Return% / MaxDD%)""}",2,26.053,"{""lookback"":194,""pivot_window"":3,""min_touches"":2,""tolerance_atr_mult"":0.65,""cluster_atr_mult"":0.9000000000000001,""confirmation_bars"":2,""cooldown_bars"":17,""retest_window"":19,""cancel_atr_mult"":1.2000000000000002,""allowshort"":false}",2014-01-01,2024-12-31,2025-01-01,2026-04-20,2014-01-01,2026-04-20,83,24,14,10,58.33,857686.78,-459426.96,90.71,,31.3,4019362.439999999,-2757693.250000001,741.33,1.1,1.18,0.0122,0.04,19,7,4,3,57.14,16219.88,-45917.1,33.0,,15.24,33118.80000000012,-117956.81999999992,-7.29,-0.37,-0.29,0.0068,-0.02,102,31,18,13,58.06,697422.86,-442564.75,77.68,,38.02,4019362.439999999,-2757693.250000001,680.03,0.97,1.02,0.0117,0.03
SBER,retest_ols,1D,False,Bayesian_TPE,"{""sampler"":""TPESampler"",""seed"":42,""n_trials"":50,""direction"":""maximize"",""objective"":""composite = Sharpe * (Return% / MaxDD%)""}",3,24.927,"{""lookback"":172,""pivot_window"":3,""min_touches"":2,""tolerance_atr_mult"":0.65,""cluster_atr_mult"":1.1,""confirmation_bars"":2,""cooldown_bars"":19,""retest_window"":14,""cancel_atr_mult"":1.1,""allowshort"":false}",2014-01-01,2024-12-31,2025-01-01,2026-04-20,2014-01-01,2026-04-20,81,20,14,6,70.0,673294.58,-476383.92,103.25,,27.56,3393222.24,-1651981.4600000004,656.78,1.05,1.08,0.0123,0.05,17,6,3,3,50.0,10451.93,-46203.3,17.17,,16.9,16829.34000000002,-117956.81999999992,-10.73,-0.81,-0.46,0.0051,-0.02,98,26,17,9,65.38,568438.4,-434149.97,83.38,,33.78,3393222.24,-1651981.4600000004,575.61,0.92,0.91,0.0116,0.03
SBER,retest_ols,1D,False,Bayesian_TPE,"{""sampler"":""TPESampler"",""seed"":42,""n_trials"":50,""direction"":""maximize"",""objective"":""composite = Sharpe * (Return% / MaxDD%)""}",4,23.457,"{""lookback"":159,""pivot_window"":3,""min_touches"":2,""tolerance_atr_mult"":0.65,""cluster_atr_mult"":1.1,""confirmation_bars"":2,""cooldown_bars"":19,""retest_window"":24,""cancel_atr_mult"":1.0,""allowshort"":false}",2014-01-01,2024-12-31,2025-01-01,2026-04-20,2014-01-01,2026-04-20,77,19,15,4,78.95,674529.69,-852790.69,119.32,,29.25,3600221.4299999992,-2339333.0400000005,670.68,1.02,1.12,0.0128,0.04,14,5,3,2,60.0,16429.14,-78981.85,33.4,,19.3,33922.980000000076,-117956.81999999992,-10.87,-0.63,-0.42,0.0065,-0.02,91,24,18,6,75.0,583213.06,-771435.49,101.42,,39.78,3600221.4299999992,-2339333.0400000005,586.92,0.89,0.94,0.0121,0.03
SBER,retest_ols,1D,False,Bayesian_TPE,"{""sampler"":""TPESampler"",""seed"":42,""n_trials"":50,""direction"":""maximize"",""objective"":""composite = Sharpe * (Return% / MaxDD%)""}",5,22.808,"{""lookback"":171,""pivot_window"":3,""min_touches"":2,""tolerance_atr_mult"":0.65,""cluster_atr_mult"":1.1,""confirmation_bars"":3,""cooldown_bars"":19,""retest_window"":14,""cancel_atr_mult"":1.1,""allowshort"":false}",2014-01-01,2024-12-31,2025-01-01,2026-04-20,2014-01-01,2026-04-20,70,18,11,6,61.11,690467.7,-429187.66,109.33,,27.39,2570486.399999999,-1403380.4799999995,502.0,1.02,1.04,0.0122,0.05,16,5,2,3,40.0,8941.68,-55744.11,9.0,,19.42,16034.100000000128,-133011.98000000013,-14.93,-1.25,-0.55,0.0048,-0.03,86,23,13,9,56.52,592523.25,-397988.54,87.52,,35.93,2570486.399999999,-1403380.4799999995,412.09,0.87,0.85,0.0115,0.03
SBER,obv,1D,False,Bayesian_TPE,"{""sampler"":""TPESampler"",""seed"":42,""n_trials"":50,""direction"":""maximize"",""objective"":""composite = Sharpe * (Return% / MaxDD%)""}",1,15.626,"{""obv_ema_window"":30,""confirmation_bars"":2,""allowshort"":false}",2014-01-01,2024-12-31,2025-01-01,2026-04-20,2014-01-01,2026-04-20,532,135,45,90,33.33,167979.05,-30261.7,16.59,,27.51,2283648.3799999994,-315009.51,483.55,0.89,0.94,0.0129,0.04,90,25,3,22,12.0,15588.63,-12037.19,7.8,,26.55,29654.800000000087,-33392.15000000002,-21.81,-1.54,-1.13,0.0059,-0.03,622,160,48,112,30.0,175767.84,-39483.75,15.58,,27.69,2283648.3799999994,-315009.51,401.47,0.75,0.79,0.0124,0.03
SBER,obv,1D,False,Bayesian_TPE,"{""sampler"":""TPESampler"",""seed"":42,""n_trials"":50,""direction"":""maximize"",""objective"":""composite = Sharpe * (Return% / MaxDD%)""}",2,15.626,"{""obv_ema_window"":30,""confirmation_bars"":2,""allowshort"":false}",2014-01-01,2024-12-31,2025-01-01,2026-04-20,2014-01-01,2026-04-20,532,135,45,90,33.33,167979.05,-30261.7,16.59,,27.51,2283648.3799999994,-315009.51,483.55,0.89,0.94,0.0129,0.04,90,25,3,22,12.0,15588.63,-12037.19,7.8,,26.55,29654.800000000087,-33392.15000000002,-21.81,-1.54,-1.13,0.0059,-0.03,622,160,48,112,30.0,175767.84,-39483.75,15.58,,27.69,2283648.3799999994,-315009.51,401.47,0.75,0.79,0.0124,0.03
SBER,obv,1D,False,Bayesian_TPE,"{""sampler"":""TPESampler"",""seed"":42,""n_trials"":50,""direction"":""maximize"",""objective"":""composite = Sharpe * (Return% / MaxDD%)""}",3,15.626,"{""obv_ema_window"":30,""confirmation_bars"":2,""allowshort"":false}",2014-01-01,2024-12-31,2025-01-01,2026-04-20,2014-01-01,2026-04-20,532,135,45,90,33.33,167979.05,-30261.7,16.59,,27.51,2283648.3799999994,-315009.51,483.55,0.89,0.94,0.0129,0.04,90,25,3,22,12.0,15588.63,-12037.19,7.8,,26.55,29654.800000000087,-33392.15000000002,-21.81,-1.54,-1.13,0.0059,-0.03,622,160,48,112,30.0,175767.84,-39483.75,15.58,,27.69,2283648.3799999994,-315009.51,401.47,0.75,0.79,0.0124,0.03
SBER,obv,1D,False,Bayesian_TPE,"{""sampler"":""TPESampler"",""seed"":42,""n_trials"":50,""direction"":""maximize"",""objective"":""composite = Sharpe * (Return% / MaxDD%)""}",4,15.626,"{""obv_ema_window"":30,""confirmation_bars"":2,""allowshort"":false}",2014-01-01,2024-12-31,2025-01-01,2026-04-20,2014-01-01,2026-04-20,532,135,45,90,33.33,167979.05,-30261.7,16.59,,27.51,2283648.3799999994,-315009.51,483.55,0.89,0.94,0.0129,0.04,90,25,3,22,12.0,15588.63,-12037.19,7.8,,26.55,29654.800000000087,-33392.15000000002,-21.81,-1.54,-1.13,0.0059,-0.03,622,160,48,112,30.0,175767.84,-39483.75,15.58,,27.69,2283648.3799999994,-315009.51,401.47,0.75,0.79,0.0124,0.03
SBER,obv,1D,False,Bayesian_TPE,"{""sampler"":""TPESampler"",""seed"":42,""n_trials"":50,""direction"":""maximize"",""objective"":""composite = Sharpe * (Return% / MaxDD%)""}",5,15.626,"{""obv_ema_window"":30,""confirmation_bars"":2,""allowshort"":false}",2014-01-01,2024-12-31,2025-01-01,2026-04-20,2014-01-01,2026-04-20,532,135,45,90,33.33,167979.05,-30261.7,16.59,,27.51,2283648.3799999994,-315009.51,483.55,0.89,0.94,0.0129,0.04,90,25,3,22,12.0,15588.63,-12037.19,7.8,,26.55,29654.800000000087,-33392.15000000002,-21.81,-1.54,-1.13,0.0059,-0.03,622,160,48,112,30.0,175767.84,-39483.75,15.58,,27.69,2283648.3799999994,-315009.51,401.47,0.75,0.79,0.0124,0.03
SBER,vwap,1D,True,Bayesian_TPE,"{""sampler"":""TPESampler"",""seed"":42,""n_trials"":50,""direction"":""maximize"",""objective"":""composite = Sharpe * (Return% / MaxDD%)""}",1,73.821,"{""vwap_window"":147,""vwap_tol"":0.005,""vwap_mode"":""yearly"",""allowshort"":true}",2014-01-01,2024-12-31,2025-01-01,2026-04-20,2014-01-01,2026-04-20,107,65,24,40,36.92,1084476.01,-112463.06,61.65,,33.13,9662621.679999998,-258070.83000000007,2152.89,1.14,1.9,0.018,0.06,41,25,2,23,8.0,45013.88,-19029.81,18.64,,40.79,51895.8400000001,-72135.20000000001,-34.77,-1.34,-1.68,0.0115,-0.04,148,89,26,63,29.21,1078393.69,-229700.04,50.36,,48.51,9662621.679999998,-1611368.7700000005,1356.71,0.91,1.48,0.0173,0.03
SBER,vwap,1D,True,Bayesian_TPE,"{""sampler"":""TPESampler"",""seed"":42,""n_trials"":50,""direction"":""maximize"",""objective"":""composite = Sharpe * (Return% / MaxDD%)""}",2,73.821,"{""vwap_window"":184,""vwap_tol"":0.005,""vwap_mode"":""yearly"",""allowshort"":true}",2014-01-01,2024-12-31,2025-01-01,2026-04-20,2014-01-01,2026-04-20,107,65,24,40,36.92,1084476.01,-112463.06,61.65,,33.13,9662621.679999998,-258070.83000000007,2152.89,1.14,1.9,0.018,0.06,41,25,2,23,8.0,45013.88,-19029.81,18.64,,40.79,51895.8400000001,-72135.20000000001,-34.77,-1.34,-1.68,0.0115,-0.04,148,89,26,63,29.21,1078393.69,-229700.04,50.36,,48.51,9662621.679999998,-1611368.7700000005,1356.71,0.91,1.48,0.0173,0.03
SBER,vwap,1D,True,Bayesian_TPE,"{""sampler"":""TPESampler"",""seed"":42,""n_trials"":50,""direction"":""maximize"",""objective"":""composite = Sharpe * (Return% / MaxDD%)""}",3,73.821,"{""vwap_window"":159,""vwap_tol"":0.005,""vwap_mode"":""yearly"",""allowshort"":true}",2014-01-01,2024-12-31,2025-01-01,2026-04-20,2014-01-01,2026-04-20,107,65,24,40,36.92,1084476.01,-112463.06,61.65,,33.13,9662621.679999998,-258070.83000000007,2152.89,1.14,1.9,0.018,0.06,41,25,2,23,8.0,45013.88,-19029.81,18.64,,40.79,51895.8400000001,-72135.20000000001,-34.77,-1.34,-1.68,0.0115,-0.04,148,89,26,63,29.21,1078393.69,-229700.04,50.36,,48.51,9662621.679999998,-1611368.7700000005,1356.71,0.91,1.48,0.0173,0.03
SBER,vwap,1D,True,Bayesian_TPE,"{""sampler"":""TPESampler"",""seed"":42,""n_trials"":50,""direction"":""maximize"",""objective"":""composite = Sharpe * (Return% / MaxDD%)""}",4,73.821,"{""vwap_window"":164,""vwap_tol"":0.005,""vwap_mode"":""yearly"",""allowshort"":true}",2014-01-01,2024-12-31,2025-01-01,2026-04-20,2014-01-01,2026-04-20,107,65,24,40,36.92,1084476.01,-112463.06,61.65,,33.13,9662621.679999998,-258070.83000000007,2152.89,1.14,1.9,0.018,0.06,41,25,2,23,8.0,45013.88,-19029.81,18.64,,40.79,51895.8400000001,-72135.20000000001,-34.77,-1.34,-1.68,0.0115,-0.04,148,89,26,63,29.21,1078393.69,-229700.04,50.36,,48.51,9662621.679999998,-1611368.7700000005,1356.71,0.91,1.48,0.0173,0.03
SBER,vwap,1D,True,Bayesian_TPE,"{""sampler"":""TPESampler"",""seed"":42,""n_trials"":50,""direction"":""maximize"",""objective"":""composite = Sharpe * (Return% / MaxDD%)""}",5,73.821,"{""vwap_window"":163,""vwap_tol"":0.005,""vwap_mode"":""yearly"",""allowshort"":true}",2014-01-01,2024-12-31,2025-01-01,2026-04-20,2014-01-01,2026-04-20,107,65,24,40,36.92,1084476.01,-112463.06,61.65,,33.13,9662621.679999998,-258070.83000000007,2152.89,1.14,1.9,0.018,0.06,41,25,2,23,8.0,45013.88,-19029.81,18.64,,40.79,51895.8400000001,-72135.20000000001,-34.77,-1.34,-1.68,0.0115,-0.04,148,89,26,63,29.21,1078393.69,-229700.04,50.36,,48.51,9662621.679999998,-1611368.7700000005,1356.71,0.91,1.48,0.0173,0.03
SBER,engulfing,1D,False,Bayesian_TPE,"{""sampler"":""TPESampler"",""seed"":42,""n_trials"":50,""direction"":""maximize"",""objective"":""composite = Sharpe * (Return% / MaxDD%)""}",1,1.078,"{""doji_tol"":0.13,""wick_body_ratio"":2.4,""allowshort"":false}",2014-01-01,2024-12-31,2025-01-01,2026-04-20,2014-01-01,2026-04-20,264,69,27,42,39.13,183842.15,-86178.0,25.33,,57.0,660949.7799999998,-1484114.47,134.43,0.46,0.33,0.0149,0.01,59,13,9,4,69.23,20639.33,-15033.02,9.92,,6.21,106297.44999999998,-25689.72000000015,12.56,0.78,0.57,0.0063,0.08,323,82,36,46,43.9,147993.98,-81670.04,22.94,,57.0,660949.7799999998,-1484114.47,157.1,0.46,0.32,0.0141,0.01
SBER,engulfing,1D,False,Bayesian_TPE,"{""sampler"":""TPESampler"",""seed"":42,""n_trials"":50,""direction"":""maximize"",""objective"":""composite = Sharpe * (Return% / MaxDD%)""}",2,1.078,"{""doji_tol"":0.12,""wick_body_ratio"":3.5,""allowshort"":false}",2014-01-01,2024-12-31,2025-01-01,2026-04-20,2014-01-01,2026-04-20,264,69,27,42,39.13,183842.15,-86178.0,25.33,,57.0,660949.7799999998,-1484114.47,134.43,0.46,0.33,0.0149,0.01,59,13,9,4,69.23,20639.33,-15033.02,9.92,,6.21,106297.44999999998,-25689.72000000015,12.56,0.78,0.57,0.0063,0.08,323,82,36,46,43.9,147993.98,-81670.04,22.94,,57.0,660949.7799999998,-1484114.47,157.1,0.46,0.32,0.0141,0.01
SBER,engulfing,1D,False,Bayesian_TPE,"{""sampler"":""TPESampler"",""seed"":42,""n_trials"":50,""direction"":""maximize"",""objective"":""composite = Sharpe * (Return% / MaxDD%)""}",3,1.078,"{""doji_tol"":0.18,""wick_body_ratio"":1.5,""allowshort"":false}",2014-01-01,2024-12-31,2025-01-01,2026-04-20,2014-01-01,2026-04-20,264,69,27,42,39.13,183842.15,-86178.0,25.33,,57.0,660949.7799999998,-1484114.47,134.43,0.46,0.33,0.0149,0.01,59,13,9,4,69.23,20639.33,-15033.02,9.92,,6.21,106297.44999999998,-25689.72000000015,12.56,0.78,0.57,0.0063,0.08,323,82,36,46,43.9,147993.98,-81670.04,22.94,,57.0,660949.7799999998,-1484114.47,157.1,0.46,0.32,0.0141,0.01
SBER,engulfing,1D,False,Bayesian_TPE,"{""sampler"":""TPESampler"",""seed"":42,""n_trials"":50,""direction"":""maximize"",""objective"":""composite = Sharpe * (Return% / MaxDD%)""}",4,1.078,"{""doji_tol"":0.14,""wick_body_ratio"":1.9,""allowshort"":false}",2014-01-01,2024-12-31,2025-01-01,2026-04-20,2014-01-01,2026-04-20,264,69,27,42,39.13,183842.15,-86178.0,25.33,,57.0,660949.7799999998,-1484114.47,134.43,0.46,0.33,0.0149,0.01,59,13,9,4,69.23,20639.33,-15033.02,9.92,,6.21,106297.44999999998,-25689.72000000015,12.56,0.78,0.57,0.0063,0.08,323,82,36,46,43.9,147993.98,-81670.04,22.94,,57.0,660949.7799999998,-1484114.47,157.1,0.46,0.32,0.0141,0.01
SBER,engulfing,1D,False,Bayesian_TPE,"{""sampler"":""TPESampler"",""seed"":42,""n_trials"":50,""direction"":""maximize"",""objective"":""composite = Sharpe * (Return% / MaxDD%)""}",5,1.078,"{""doji_tol"":0.16,""wick_body_ratio"":1.7,""allowshort"":false}",2014-01-01,2024-12-31,2025-01-01,2026-04-20,2014-01-01,2026-04-20,264,69,27,42,39.13,183842.15,-86178.0,25.33,,57.0,660949.7799999998,-1484114.47,134.43,0.46,0.33,0.0149,0.01,59,13,9,4,69.23,20639.33,-15033.02,9.92,,6.21,106297.44999999998,-25689.72000000015,12.56,0.78,0.57,0.0063,0.08,323,82,36,46,43.9,147993.98,-81670.04,22.94,,57.0,660949.7799999998,-1484114.47,157.1,0.46,0.32,0.0141,0.01
SBER,hammerdoji,1D,False,Bayesian_TPE,"{""sampler"":""TPESampler"",""seed"":42,""n_trials"":50,""direction"":""maximize"",""objective"":""composite = Sharpe * (Return% / MaxDD%)""}",1,2.582,"{""doji_tol"":0.14,""wick_body_ratio"":1.6,""allowshort"":false}",2014-01-01,2024-12-31,2025-01-01,2026-04-20,2014-01-01,2026-04-20,630,167,103,64,61.68,65794.65,-70829.61,13.72,,48.41,466788.8399999995,-433226.02999999985,224.38,0.56,0.55,0.0157,0.02,104,28,17,10,60.71,13450.07,-25665.55,9.71,,17.26,41219.049999999974,-123044.28000000004,-2.8,-0.05,-0.06,0.0088,-0.0,734,195,120,74,61.54,62655.24,-72509.17,13.14,,48.41,466788.8399999995,-433226.02999999985,215.3,0.5,0.5,0.015,0.02
SBER,hammerdoji,1D,False,Bayesian_TPE,"{""sampler"":""TPESampler"",""seed"":42,""n_trials"":50,""direction"":""maximize"",""objective"":""composite = Sharpe * (Return% / MaxDD%)""}",2,2.582,"{""doji_tol"":0.14,""wick_body_ratio"":1.6,""allowshort"":false}",2014-01-01,2024-12-31,2025-01-01,2026-04-20,2014-01-01,2026-04-20,630,167,103,64,61.68,65794.65,-70829.61,13.72,,48.41,466788.8399999995,-433226.02999999985,224.38,0.56,0.55,0.0157,0.02,104,28,17,10,60.71,13450.07,-25665.55,9.71,,17.26,41219.049999999974,-123044.28000000004,-2.8,-0.05,-0.06,0.0088,-0.0,734,195,120,74,61.54,62655.24,-72509.17,13.14,,48.41,466788.8399999995,-433226.02999999985,215.3,0.5,0.5,0.015,0.02
SBER,hammerdoji,1D,False,Bayesian_TPE,"{""sampler"":""TPESampler"",""seed"":42,""n_trials"":50,""direction"":""maximize"",""objective"":""composite = Sharpe * (Return% / MaxDD%)""}",3,1.375,"{""doji_tol"":0.14,""wick_body_ratio"":1.7,""allowshort"":false}",2014-01-01,2024-12-31,2025-01-01,2026-04-20,2014-01-01,2026-04-20,605,159,95,64,59.75,58673.09,-63532.86,14.57,,50.54,360885.4799999996,-361148.24,150.78,0.46,0.46,0.0158,0.01,97,27,16,10,59.26,14334.66,-23415.63,9.19,,17.05,41219.049999999974,-119773.49999999996,-0.48,0.05,0.05,0.0086,0.0,702,186,111,74,59.68,55398.18,-62884.04,13.79,,50.54,360885.4799999996,-361148.24,149.58,0.42,0.42,0.0151,0.01
SBER,hammerdoji,1D,False,Bayesian_TPE,"{""sampler"":""TPESampler"",""seed"":42,""n_trials"":50,""direction"":""maximize"",""objective"":""composite = Sharpe * (Return% / MaxDD%)""}",4,1.353,"{""doji_tol"":0.17,""wick_body_ratio"":2.1,""allowshort"":false}",2014-01-01,2024-12-31,2025-01-01,2026-04-20,2014-01-01,2026-04-20,579,147,89,58,60.54,62263.82,-72410.09,15.17,,43.42,283726.0499999999,-330571.8000000002,134.17,0.44,0.44,0.0157,0.02,97,26,17,9,65.38,21009.19,-25741.3,10.81,,16.33,132451.11,-125057.09999999996,12.55,0.54,0.64,0.0097,0.03,676,173,106,67,61.27,60168.67,-70780.95,14.51,,43.42,310164.68999999994,-330571.8000000002,163.56,0.44,0.45,0.015,0.02
SBER,hammerdoji,1D,True,Bayesian_TPE,"{""sampler"":""TPESampler"",""seed"":42,""n_trials"":50,""direction"":""maximize"",""objective"":""composite = Sharpe * (Return% / MaxDD%)""}",5,1.156,"{""doji_tol"":0.04,""wick_body_ratio"":3.4000000000000004,""allowshort"":true}",2014-01-01,2024-12-31,2025-01-01,2026-04-20,2014-01-01,2026-04-20,155,77,49,28,63.64,241336.36,-349968.95,51.88,,82.18,982927.44,-1576184.6999999995,202.64,0.47,0.57,0.0222,0.01,20,13,7,6,53.85,34758.27,-31997.23,35.38,,19.36,146099.96999999994,-60560.18999999989,5.13,0.26,0.38,0.0114,0.02,175,89,55,34,61.8,228500.4,-305326.88,50.22,,82.18,982927.44,-1576184.6999999995,218.64,0.45,0.54,0.0212,0.01
SBER,harami,1D,False,Bayesian_TPE,"{""sampler"":""TPESampler"",""seed"":42,""n_trials"":50,""direction"":""maximize"",""objective"":""composite = Sharpe * (Return% / MaxDD%)""}",1,7.942,"{""doji_tol"":0.13,""wick_body_ratio"":2.4,""allowshort"":false}",2014-01-01,2024-12-31,2025-01-01,2026-04-20,2014-01-01,2026-04-20,33,7,5,2,71.43,947380.25,-38617.04,343.86,,45.12,3383856.5999999996,-75424.0,465.97,0.77,0.88,0.0154,0.03,4,1,1,0,100.0,32097.8,0.0,316.0,,14.26,32097.800000000072,32097.800000000072,3.21,0.21,0.24,0.0081,0.01,37,7,5,2,71.43,1130962.51,-38617.04,411.71,,45.12,3383856.5999999996,-75424.0,557.76,0.75,0.88,0.015,0.02
SBER,harami,1D,False,Bayesian_TPE,"{""sampler"":""TPESampler"",""seed"":42,""n_trials"":50,""direction"":""maximize"",""objective"":""composite = Sharpe * (Return% / MaxDD%)""}",2,7.942,"{""doji_tol"":0.12,""wick_body_ratio"":3.5,""allowshort"":false}",2014-01-01,2024-12-31,2025-01-01,2026-04-20,2014-01-01,2026-04-20,33,7,5,2,71.43,947380.25,-38617.04,343.86,,45.12,3383856.5999999996,-75424.0,465.97,0.77,0.88,0.0154,0.03,4,1,1,0,100.0,32097.8,0.0,316.0,,14.26,32097.800000000072,32097.800000000072,3.21,0.21,0.24,0.0081,0.01,37,7,5,2,71.43,1130962.51,-38617.04,411.71,,45.12,3383856.5999999996,-75424.0,557.76,0.75,0.88,0.015,0.02
SBER,harami,1D,False,Bayesian_TPE,"{""sampler"":""TPESampler"",""seed"":42,""n_trials"":50,""direction"":""maximize"",""objective"":""composite = Sharpe * (Return% / MaxDD%)""}",3,7.942,"{""doji_tol"":0.18,""wick_body_ratio"":1.5,""allowshort"":false}",2014-01-01,2024-12-31,2025-01-01,2026-04-20,2014-01-01,2026-04-20,33,7,5,2,71.43,947380.25,-38617.04,343.86,,45.12,3383856.5999999996,-75424.0,465.97,0.77,0.88,0.0154,0.03,4,1,1,0,100.0,32097.8,0.0,316.0,,14.26,32097.800000000072,32097.800000000072,3.21,0.21,0.24,0.0081,0.01,37,7,5,2,71.43,1130962.51,-38617.04,411.71,,45.12,3383856.5999999996,-75424.0,557.76,0.75,0.88,0.015,0.02
SBER,harami,1D,False,Bayesian_TPE,"{""sampler"":""TPESampler"",""seed"":42,""n_trials"":50,""direction"":""maximize"",""objective"":""composite = Sharpe * (Return% / MaxDD%)""}",4,7.942,"{""doji_tol"":0.14,""wick_body_ratio"":1.9,""allowshort"":false}",2014-01-01,2024-12-31,2025-01-01,2026-04-20,2014-01-01,2026-04-20,33,7,5,2,71.43,947380.25,-38617.04,343.86,,45.12,3383856.5999999996,-75424.0,465.97,0.77,0.88,0.0154,0.03,4,1,1,0,100.0,32097.8,0.0,316.0,,14.26,32097.800000000072,32097.800000000072,3.21,0.21,0.24,0.0081,0.01,37,7,5,2,71.43,1130962.51,-38617.04,411.71,,45.12,3383856.5999999996,-75424.0,557.76,0.75,0.88,0.015,0.02
SBER,harami,1D,False,Bayesian_TPE,"{""sampler"":""TPESampler"",""seed"":42,""n_trials"":50,""direction"":""maximize"",""objective"":""composite = Sharpe * (Return% / MaxDD%)""}",5,7.942,"{""doji_tol"":0.16,""wick_body_ratio"":1.7,""allowshort"":false}",2014-01-01,2024-12-31,2025-01-01,2026-04-20,2014-01-01,2026-04-20,33,7,5,2,71.43,947380.25,-38617.04,343.86,,45.12,3383856.5999999996,-75424.0,465.97,0.77,0.88,0.0154,0.03,4,1,1,0,100.0,32097.8,0.0,316.0,,14.26,32097.800000000072,32097.800000000072,3.21,0.21,0.24,0.0081,0.01,37,7,5,2,71.43,1130962.51,-38617.04,411.71,,45.12,3383856.5999999996,-75424.0,557.76,0.75,0.88,0.015,0.02
SBER,candle_ensemble,1D,True,Bayesian_TPE,"{""sampler"":""TPESampler"",""seed"":42,""n_trials"":50,""direction"":""maximize"",""objective"":""composite = Sharpe * (Return% / MaxDD%)""}",1,14.669,"{""ensemble_window"":4,""min_votes"":2,""doji_tol"":0.16,""wick_body_ratio"":3.3,""allowshort"":true}",2014-01-01,2024-12-31,2025-01-01,2026-04-20,2014-01-01,2026-04-20,213,120,69,51,57.5,299798.58,-230462.64,33.29,,50.42,2011260.9,-1272048.2999999998,893.25,0.83,1.31,0.0196,0.03,36,15,8,7,53.33,33320.64,-44526.06,30.0,,24.11,131188.45999999993,-132648.24000000014,-4.51,-0.06,-0.08,0.0115,-0.0,249,135,77,58,57.04,302856.65,-256646.12,33.11,,50.42,2011260.9,-1310694.5400000014,843.45,0.75,1.16,0.0188,0.03
SBER,candle_ensemble,1D,True,Bayesian_TPE,"{""sampler"":""TPESampler"",""seed"":42,""n_trials"":50,""direction"":""maximize"",""objective"":""composite = Sharpe * (Return% / MaxDD%)""}",2,14.669,"{""ensemble_window"":4,""min_votes"":2,""doji_tol"":0.16,""wick_body_ratio"":3.3,""allowshort"":true}",2014-01-01,2024-12-31,2025-01-01,2026-04-20,2014-01-01,2026-04-20,213,120,69,51,57.5,299798.58,-230462.64,33.29,,50.42,2011260.9,-1272048.2999999998,893.25,0.83,1.31,0.0196,0.03,36,15,8,7,53.33,33320.64,-44526.06,30.0,,24.11,131188.45999999993,-132648.24000000014,-4.51,-0.06,-0.08,0.0115,-0.0,249,135,77,58,57.04,302856.65,-256646.12,33.11,,50.42,2011260.9,-1310694.5400000014,843.45,0.75,1.16,0.0188,0.03
SBER,candle_ensemble,1D,True,Bayesian_TPE,"{""sampler"":""TPESampler"",""seed"":42,""n_trials"":50,""direction"":""maximize"",""objective"":""composite = Sharpe * (Return% / MaxDD%)""}",3,6.525,"{""ensemble_window"":3,""min_votes"":2,""doji_tol"":0.2,""wick_body_ratio"":3.5,""allowshort"":true}",2014-01-01,2024-12-31,2025-01-01,2026-04-20,2014-01-01,2026-04-20,179,97,60,37,61.86,204475.71,-197936.26,41.18,,49.94,1271517.7800000005,-1063022.9399999997,494.49,0.66,0.96,0.0207,0.03,32,17,8,9,47.06,31452.73,-37490.79,26.47,,25.75,131188.45999999993,-141666.28000000006,-8.58,-0.21,-0.27,0.0115,-0.01,211,113,68,45,60.18,199677.12,-202619.39,39.55,,49.94,1271517.7800000005,-1063022.9399999997,446.02,0.59,0.84,0.0198,0.02
SBER,candle_ensemble,1D,True,Bayesian_TPE,"{""sampler"":""TPESampler"",""seed"":42,""n_trials"":50,""direction"":""maximize"",""objective"":""composite = Sharpe * (Return% / MaxDD%)""}",4,6.525,"{""ensemble_window"":3,""min_votes"":2,""doji_tol"":0.2,""wick_body_ratio"":3.5,""allowshort"":true}",2014-01-01,2024-12-31,2025-01-01,2026-04-20,2014-01-01,2026-04-20,179,97,60,37,61.86,204475.71,-197936.26,41.18,,49.94,1271517.7800000005,-1063022.9399999997,494.49,0.66,0.96,0.0207,0.03,32,17,8,9,47.06,31452.73,-37490.79,26.47,,25.75,131188.45999999993,-141666.28000000006,-8.58,-0.21,-0.27,0.0115,-0.01,211,113,68,45,60.18,199677.12,-202619.39,39.55,,49.94,1271517.7800000005,-1063022.9399999997,446.02,0.59,0.84,0.0198,0.02
SBER,candle_ensemble,1D,True,Bayesian_TPE,"{""sampler"":""TPESampler"",""seed"":42,""n_trials"":50,""direction"":""maximize"",""objective"":""composite = Sharpe * (Return% / MaxDD%)""}",5,6.525,"{""ensemble_window"":3,""min_votes"":2,""doji_tol"":0.2,""wick_body_ratio"":3.5,""allowshort"":true}",2014-01-01,2024-12-31,2025-01-01,2026-04-20,2014-01-01,2026-04-20,179,97,60,37,61.86,204475.71,-197936.26,41.18,,49.94,1271517.7800000005,-1063022.9399999997,494.49,0.66,0.96,0.0207,0.03,32,17,8,9,47.06,31452.73,-37490.79,26.47,,25.75,131188.45999999993,-141666.28000000006,-8.58,-0.21,-0.27,0.0115,-0.01,211,113,68,45,60.18,199677.12,-202619.39,39.55,,49.94,1271517.7800000005,-1063022.9399999997,446.02,0.59,0.84,0.0198,0.02
PLZL,ema,1D,False,Bayesian_TPE,"{""sampler"":""TPESampler"",""seed"":42,""n_trials"":50,""direction"":""maximize"",""objective"":""composite = Sharpe * (Return% / MaxDD%)""}",1,90.004,"{""short_ema"":10,""long_ema"":73,""allowshort"":false}",2014-01-01,2024-12-31,2025-01-01,2026-04-20,2014-01-01,2026-04-20,46,23,7,16,30.43,5225679.08,-733699.68,102.61,,32.65,12848926.8,-2915548.999999998,2484.06,1.18,1.53,0.0179,0.07,5,2,2,0,100.0,125338.8,0.0,103.0,,14.36,137109.59999999995,113567.9999999998,25.07,0.85,0.76,0.0115,0.07,51,25,10,15,40.0,5020046.89,-763145.29,107.6,,32.65,12848926.8,-2915548.999999998,3875.33,1.19,1.53,0.0175,0.06
PLZL,ema,1D,False,Bayesian_TPE,"{""sampler"":""TPESampler"",""seed"":42,""n_trials"":50,""direction"":""maximize"",""objective"":""composite = Sharpe * (Return% / MaxDD%)""}",2,89.631,"{""short_ema"":10,""long_ema"":70,""allowshort"":false}",2014-01-01,2024-12-31,2025-01-01,2026-04-20,2014-01-01,2026-04-20,47,23,8,15,34.78,4493880.11,-750222.41,102.35,,32.57,10360921.199999996,-2867042.749999998,2469.77,1.18,1.52,0.0179,0.07,6,3,3,0,100.0,173539.63,0.0,108.0,,14.44,207240.69999999995,138247.19999999978,52.06,1.26,1.47,0.0143,0.12,53,26,11,15,42.31,4485361.2,-750222.41,103.0,,32.57,10360921.199999996,-2867042.749999998,3808.56,1.19,1.52,0.0175,0.06
PLZL,ema,1D,False,Bayesian_TPE,"{""sampler"":""TPESampler"",""seed"":42,""n_trials"":50,""direction"":""maximize"",""objective"":""composite = Sharpe * (Return% / MaxDD%)""}",3,83.297,"{""short_ema"":13,""long_ema"":64,""allowshort"":false}",2014-01-01,2024-12-31,2025-01-01,2026-04-20,2014-01-01,2026-04-20,45,22,9,13,40.91,4073860.39,-932368.58,107.0,,34.74,9903486.6,-2794477.399999998,2454.4,1.18,1.52,0.0179,0.06,6,3,3,0,100.0,160159.2,0.0,107.0,,14.88,221804.0000000001,90305.59999999996,48.05,1.19,1.39,0.0143,0.11,51,25,12,13,48.0,4078934.12,-932368.58,107.0,,34.74,9903486.6,-2794477.399999998,3682.64,1.18,1.51,0.0175,0.06
PLZL,ema,1D,False,Bayesian_TPE,"{""sampler"":""TPESampler"",""seed"":42,""n_trials"":50,""direction"":""maximize"",""objective"":""composite = Sharpe * (Return% / MaxDD%)""}",4,81.141,"{""short_ema"":13,""long_ema"":63,""allowshort"":false}",2014-01-01,2024-12-31,2025-01-01,2026-04-20,2014-01-01,2026-04-20,45,22,9,13,40.91,3993836.44,-916430.95,107.0,,34.74,9704415.6,-2738339.499999998,2403.09,1.17,1.51,0.0179,0.06,6,3,3,0,100.0,155122.93,0.0,106.67,,14.88,209307.99999999997,89425.99999999994,46.54,1.16,1.36,0.0143,0.11,51,25,12,13,48.0,3966766.1,-916430.95,106.96,,34.74,9704415.6,-2738339.499999998,3568.76,1.17,1.5,0.0175,0.06
PLZL,ema,1D,False,Bayesian_TPE,"{""sampler"":""TPESampler"",""seed"":42,""n_trials"":50,""direction"":""maximize"",""objective"":""composite = Sharpe * (Return% / MaxDD%)""}",5,75.937,"{""short_ema"":15,""long_ema"":66,""allowshort"":false}",2014-01-01,2024-12-31,2025-01-01,2026-04-20,2014-01-01,2026-04-20,44,22,8,14,36.36,4657318.94,-942846.88,107.5,,37.1,12829073.4,-2748299.449999998,2405.87,1.17,1.52,0.018,0.06,5,2,2,0,100.0,121450.4,0.0,102.5,,14.87,137665.59999999995,105235.2000000001,24.29,0.83,0.74,0.0115,0.06,49,24,11,13,45.83,4566149.97,-993590.22,112.25,,37.1,12829073.4,-2748299.449999998,3731.1,1.18,1.52,0.0176,0.06
PLZL,rsi,1D,False,Bayesian_TPE,"{""sampler"":""TPESampler"",""seed"":42,""n_trials"":50,""direction"":""maximize"",""objective"":""composite = Sharpe * (Return% / MaxDD%)""}",1,18.198,"{""rsi_lower"":34,""rsi_upper"":55,""rsi_window"":17,""allowshort"":false}",2014-01-01,2024-12-31,2025-01-01,2026-04-20,2014-01-01,2026-04-20,153,20,16,4,80.0,436914.0,-104292.57,70.45,,34.1,1886777.3999999997,-281893.9199999999,657.35,0.94,0.99,0.0139,0.04,16,4,4,0,100.0,86977.9,0.0,44.25,,15.77,195566.39999999985,17071.59999999997,34.79,1.11,0.97,0.0115,0.08,169,24,20,4,83.33,481360.3,-104292.57,66.08,,34.1,1886777.3999999997,-281893.9199999999,921.0,0.96,0.99,0.0136,0.04
PLZL,rsi,1D,False,Bayesian_TPE,"{""sampler"":""TPESampler"",""seed"":42,""n_trials"":50,""direction"":""maximize"",""objective"":""composite = Sharpe * (Return% / MaxDD%)""}",2,14.747,"{""rsi_lower"":35,""rsi_upper"":58,""rsi_window"":17,""allowshort"":false}",2014-01-01,2024-12-31,2025-01-01,2026-04-20,2014-01-01,2026-04-20,150,20,16,4,80.0,602606.89,-684312.95,81.1,,41.95,2811671.0,-1959501.149999999,690.45,0.9,0.94,0.0153,0.03,28,4,4,0,100.0,84556.7,0.0,40.5,,15.75,193811.59999999983,16964.399999999972,33.82,1.11,0.92,0.0111,0.08,178,24,20,4,83.33,615906.63,-684312.95,74.33,,41.95,2811671.0,-1959501.149999999,958.09,0.91,0.94,0.0148,0.03
PLZL,rsi,1D,False,Bayesian_TPE,"{""sampler"":""TPESampler"",""seed"":42,""n_trials"":50,""direction"":""maximize"",""objective"":""composite = Sharpe * (Return% / MaxDD%)""}",3,11.139,"{""rsi_lower"":34,""rsi_upper"":57,""rsi_window"":17,""allowshort"":false}",2014-01-01,2024-12-31,2025-01-01,2026-04-20,2014-01-01,2026-04-20,139,19,15,4,78.95,498583.54,-494012.43,75.53,,41.94,2179398.25,-1568236.8499999992,550.27,0.85,0.83,0.0146,0.03,21,4,4,0,100.0,84556.7,0.0,40.5,,15.75,193811.59999999983,16964.399999999972,33.82,1.11,0.92,0.0111,0.08,160,23,19,4,82.61,509505.58,-494012.43,69.43,,41.94,2179398.25,-1568236.8499999992,770.46,0.87,0.84,0.0142,0.03
PLZL,rsi,1D,False,Bayesian_TPE,"{""sampler"":""TPESampler"",""seed"":42,""n_trials"":50,""direction"":""maximize"",""objective"":""composite = Sharpe * (Return% / MaxDD%)""}",4,10.621,"{""rsi_lower"":32,""rsi_upper"":60,""rsi_window"":14,""allowshort"":false}",2014-01-01,2024-12-31,2025-01-01,2026-04-20,2014-01-01,2026-04-20,158,20,15,5,75.0,532441.36,-521164.35,76.1,,41.95,2388948.0999999996,-1785454.0499999996,538.08,0.83,0.84,0.015,0.03,26,4,4,0,100.0,85082.05,0.0,41.75,,15.75,193811.59999999983,16964.399999999972,34.03,1.12,0.93,0.0111,0.08,184,24,19,5,79.17,534765.5,-521164.35,70.38,,41.95,2388948.0999999996,-1785454.0499999996,755.47,0.85,0.85,0.0145,0.03
PLZL,rsi,1D,False,Bayesian_TPE,"{""sampler"":""TPESampler"",""seed"":42,""n_trials"":50,""direction"":""maximize"",""objective"":""composite = Sharpe * (Return% / MaxDD%)""}",5,9.241,"{""rsi_lower"":34,""rsi_upper"":59,""rsi_window"":17,""allowshort"":false}",2014-01-01,2024-12-31,2025-01-01,2026-04-20,2014-01-01,2026-04-20,137,17,14,3,82.35,472012.93,-595861.99,89.06,,41.94,2018327.65,-1174084.799999999,482.06,0.8,0.81,0.0147,0.03,23,4,4,0,100.0,84556.7,0.0,40.5,,15.75,193811.59999999983,16964.399999999972,33.82,1.11,0.92,0.0111,0.08,160,21,18,3,85.71,476613.7,-595861.99,79.81,,41.94,2018327.65,-1174084.799999999,679.15,0.83,0.82,0.0143,0.03
PLZL,macd,1D,False,Bayesian_TPE,"{""sampler"":""TPESampler"",""seed"":42,""n_trials"":50,""direction"":""maximize"",""objective"":""composite = Sharpe * (Return% / MaxDD%)""}",1,61.715,"{""macd_fast"":9,""macd_slow"":33,""macd_signal"":7,""allowshort"":false}",2014-01-01,2024-12-31,2025-01-01,2026-04-20,2014-01-01,2026-04-20,226,113,49,64,43.36,724345.24,-262402.15,18.07,,34.42,4464662.4,-2551000.0,1869.92,1.14,1.23,0.0171,0.06,28,14,9,5,64.29,57228.36,-26731.28,14.86,,10.78,271387.00000000006,-46003.999999999854,38.14,1.29,1.4,0.0105,0.13,254,127,59,68,46.46,954050.94,-299160.76,18.12,,34.42,7267260.200000001,-2551000.0,3594.61,1.22,1.34,0.0165,0.06
PLZL,macd,1D,False,Bayesian_TPE,"{""sampler"":""TPESampler"",""seed"":42,""n_trials"":50,""direction"":""maximize"",""objective"":""composite = Sharpe * (Return% / MaxDD%)""}",2,56.947,"{""macd_fast"":8,""macd_slow"":37,""macd_signal"":5,""allowshort"":false}",2014-01-01,2024-12-31,2025-01-01,2026-04-20,2014-01-01,2026-04-20,262,131,57,74,43.51,627764.88,-225867.18,15.42,,38.34,4627483.2,-2757000.0,1906.84,1.14,1.22,0.0171,0.05,44,22,10,12,45.45,51298.86,-19094.86,9.45,,11.07,121174.20000000008,-42705.59999999987,28.39,1.04,1.11,0.0102,0.1,306,153,67,86,43.79,841375.93,-266015.41,14.89,,38.34,6808819.900000002,-2757000.0,3349.49,1.21,1.3,0.0165,0.05
PLZL,macd,1D,False,Bayesian_TPE,"{""sampler"":""TPESampler"",""seed"":42,""n_trials"":50,""direction"":""maximize"",""objective"":""composite = Sharpe * (Return% / MaxDD%)""}",3,56.522,"{""macd_fast"":8,""macd_slow"":35,""macd_signal"":7,""allowshort"":false}",2014-01-01,2024-12-31,2025-01-01,2026-04-20,2014-01-01,2026-04-20,224,112,50,62,44.64,780762.2,-310688.35,18.2,,40.27,5170176.000000001,-2966250.0,1977.54,1.15,1.24,0.0172,0.05,30,15,9,6,60.0,58151.44,-26062.93,14.0,,10.78,268700.00000000006,-45483.19999999986,36.7,1.24,1.36,0.0105,0.12,254,127,60,67,47.24,1019958.4,-352957.61,18.1,,40.27,7582714.000000001,-2966250.0,3754.93,1.23,1.33,0.0166,0.05
PLZL,macd,1D,False,Bayesian_TPE,"{""sampler"":""TPESampler"",""seed"":42,""n_trials"":50,""direction"":""maximize"",""objective"":""composite = Sharpe * (Return% / MaxDD%)""}",4,56.24,"{""macd_fast"":7,""macd_slow"":21,""macd_signal"":14,""allowshort"":false}",2014-01-01,2024-12-31,2025-01-01,2026-04-20,2014-01-01,2026-04-20,208,104,47,57,45.19,730431.13,-281574.96,19.55,,36.6,4273772.800000001,-2303750.0,1828.05,1.13,1.21,0.0172,0.05,28,14,9,5,64.29,52065.53,-28031.12,14.64,,10.78,262788.60000000003,-53454.599999999904,32.84,1.15,1.25,0.0104,0.11,236,118,57,61,48.31,928852.13,-322033.49,19.39,,36.6,6794348.200000001,-2303750.0,3330.05,1.2,1.29,0.0166,0.05
PLZL,macd,1D,False,Bayesian_TPE,"{""sampler"":""TPESampler"",""seed"":42,""n_trials"":50,""direction"":""maximize"",""objective"":""composite = Sharpe * (Return% / MaxDD%)""}",5,55.137,"{""macd_fast"":6,""macd_slow"":42,""macd_signal"":7,""allowshort"":false}",2014-01-01,2024-12-31,2025-01-01,2026-04-20,2014-01-01,2026-04-20,242,121,50,71,41.32,761621.42,-266752.78,16.63,,39.75,5128886.4,-2981250.0,1914.16,1.14,1.23,0.0171,0.05,38,19,10,9,52.63,49561.06,-23722.51,11.11,,10.39,123156.6000000001,-50885.99999999986,28.21,1.03,1.11,0.0102,0.1,280,140,61,79,43.57,955046.86,-312316.32,16.24,,39.75,6793869.600000002,-2981250.0,3358.49,1.21,1.3,0.0165,0.05
PLZL,breakout_pivot,1D,True,Bayesian_TPE,"{""sampler"":""TPESampler"",""seed"":42,""n_trials"":50,""direction"":""maximize"",""objective"":""composite = Sharpe * (Return% / MaxDD%)""}",1,124.797,"{""lookback"":162,""pivot_window"":5,""min_touches"":2,""tolerance_atr_mult"":0.4,""cluster_atr_mult"":1.2,""confirmation_bars"":3,""cooldown_bars"":15,""allowshort"":true}",2014-01-01,2024-12-31,2025-01-01,2026-04-20,2014-01-01,2026-04-20,155,51,26,24,50.98,1701324.21,-671322.46,40.45,,27.56,6753773.649999999,-3059082.0000000014,2812.27,1.22,1.32,0.018,0.08,21,7,5,2,71.43,150653.4,-63850.6,40.86,,20.98,252096.79999999987,-125307.59999999992,62.56,1.6,1.99,0.0127,0.1,176,58,31,26,53.45,2135250.3,-762954.8,40.5,,27.56,7351894.799999996,-3655322.799999998,4635.59,1.25,1.37,0.0174,0.08
PLZL,breakout_pivot,1D,True,Bayesian_TPE,"{""sampler"":""TPESampler"",""seed"":42,""n_trials"":50,""direction"":""maximize"",""objective"":""composite = Sharpe * (Return% / MaxDD%)""}",2,112.748,"{""lookback"":183,""pivot_window"":5,""min_touches"":2,""tolerance_atr_mult"":0.3,""cluster_atr_mult"":1.1500000000000001,""confirmation_bars"":3,""cooldown_bars"":15,""allowshort"":true}",2014-01-01,2024-12-31,2025-01-01,2026-04-20,2014-01-01,2026-04-20,157,53,27,25,50.94,1532908.38,-612340.03,38.02,,27.85,7044226.149999999,-2831196.8000000017,2608.0,1.2,1.28,0.0179,0.08,21,7,5,2,71.43,150653.4,-63850.6,40.86,,20.98,252096.79999999987,-125307.59999999992,62.56,1.6,1.99,0.0127,0.1,178,60,32,27,53.33,1931461.22,-695273.44,38.35,,27.85,7044226.149999999,-3399011.7999999984,4303.44,1.24,1.33,0.0173,0.08
PLZL,breakout_pivot,1D,True,Bayesian_TPE,"{""sampler"":""TPESampler"",""seed"":42,""n_trials"":50,""direction"":""maximize"",""objective"":""composite = Sharpe * (Return% / MaxDD%)""}",3,111.273,"{""lookback"":182,""pivot_window"":5,""min_touches"":2,""tolerance_atr_mult"":0.3,""cluster_atr_mult"":1.1500000000000001,""confirmation_bars"":3,""cooldown_bars"":15,""allowshort"":true}",2014-01-01,2024-12-31,2025-01-01,2026-04-20,2014-01-01,2026-04-20,157,53,27,25,50.94,1530463.89,-620781.76,38.06,,27.85,7044226.149999999,-2802289.600000002,2580.3,1.2,1.28,0.0179,0.08,21,7,5,2,71.43,150653.4,-63850.6,40.86,,20.98,252096.79999999987,-125307.59999999992,62.56,1.6,1.99,0.0127,0.1,178,60,32,27,53.33,1922856.71,-701773.9,38.38,,27.85,7044226.149999999,-3364146.599999998,4258.35,1.23,1.33,0.0173,0.08
PLZL,breakout_pivot,1D,True,Bayesian_TPE,"{""sampler"":""TPESampler"",""seed"":42,""n_trials"":50,""direction"":""maximize"",""objective"":""composite = Sharpe * (Return% / MaxDD%)""}",4,103.758,"{""lookback"":197,""pivot_window"":5,""min_touches"":3,""tolerance_atr_mult"":0.45,""cluster_atr_mult"":1.2,""confirmation_bars"":3,""cooldown_bars"":7,""allowshort"":true}",2014-01-01,2024-12-31,2025-01-01,2026-04-20,2014-01-01,2026-04-20,107,27,17,10,62.96,2066899.12,-439380.49,85.85,,35.23,11192011.2,-1192873.0,3074.35,1.19,1.29,0.0192,0.06,12,4,2,2,50.0,314616.07,-61924.7,95.0,,23.13,529737.1499999999,-116159.79999999994,50.54,1.2,1.71,0.0147,0.08,119,31,19,12,61.29,2901271.46,-693948.56,87.03,,35.23,16827795.9,-3689324.999999998,4679.68,1.19,1.33,0.0187,0.06
PLZL,breakout_pivot,1D,True,Bayesian_TPE,"{""sampler"":""TPESampler"",""seed"":42,""n_trials"":50,""direction"":""maximize"",""objective"":""composite = Sharpe * (Return% / MaxDD%)""}",5,100.864,"{""lookback"":140,""pivot_window"":5,""min_touches"":3,""tolerance_atr_mult"":0.35,""cluster_atr_mult"":1.2,""confirmation_bars"":3,""cooldown_bars"":19,""allowshort"":true}",2014-01-01,2024-12-31,2025-01-01,2026-04-20,2014-01-01,2026-04-20,69,19,11,8,57.89,2767663.89,-470464.44,125.05,,31.24,10399228.0,-1178729.3000000005,2668.06,1.18,1.43,0.0184,0.07,7,2,2,0,100.0,158949.87,0.0,179.5,,16.27,237124.55000000005,80775.19999999981,31.79,0.83,1.04,0.0151,0.08,76,21,13,8,61.9,3019248.55,-470464.44,130.24,,31.24,10399228.0,-1178729.3000000005,3548.65,1.14,1.39,0.0181,0.07
PLZL,breakout_ols,1D,True,Bayesian_TPE,"{""sampler"":""TPESampler"",""seed"":42,""n_trials"":50,""direction"":""maximize"",""objective"":""composite = Sharpe * (Return% / MaxDD%)""}",1,50.573,"{""lookback"":190,""pivot_window"":11,""min_touches"":2,""tolerance_atr_mult"":1.0,""cluster_atr_mult"":1.1500000000000001,""confirmation_bars"":3,""cooldown_bars"":6,""allowshort"":true}",2014-01-01,2024-12-31,2025-01-01,2026-04-20,2014-01-01,2026-04-20,84,18,8,10,44.44,2943761.78,-639196.82,135.56,,36.37,7430858.350000001,-1106169.9,1715.81,1.07,1.28,0.0179,0.05,11,2,2,0,100.0,175285.4,0.0,162.5,,17.41,195800.79999999976,154770.0,35.06,0.96,1.1,0.0139,0.08,95,19,9,10,47.37,3506244.75,-639196.82,146.32,,36.37,7430858.350000001,-1106169.9,2516.42,1.07,1.29,0.0175,0.05
PLZL,breakout_ols,1D,True,Bayesian_TPE,"{""sampler"":""TPESampler"",""seed"":42,""n_trials"":50,""direction"":""maximize"",""objective"":""composite = Sharpe * (Return% / MaxDD%)""}",2,50.136,"{""lookback"":189,""pivot_window"":9,""min_touches"":2,""tolerance_atr_mult"":1.05,""cluster_atr_mult"":1.1500000000000001,""confirmation_bars"":3,""cooldown_bars"":5,""allowshort"":true}",2014-01-01,2024-12-31,2025-01-01,2026-04-20,2014-01-01,2026-04-20,97,20,10,10,50.0,2867751.52,-924407.25,125.75,,42.25,9738921.45,-3292362.0,1943.34,1.09,1.36,0.0184,0.05,10,3,2,1,66.67,71228.48,-8449.4,88.67,,14.71,96415.99999999996,-8449.400000000069,13.4,0.49,0.5,0.0128,0.04,107,22,11,11,50.0,3248914.59,-858865.64,127.5,,42.25,9738921.45,-3292362.0,2629.05,1.07,1.32,0.0178,0.05
PLZL,breakout_ols,1D,True,Bayesian_TPE,"{""sampler"":""TPESampler"",""seed"":42,""n_trials"":50,""direction"":""maximize"",""objective"":""composite = Sharpe * (Return% / MaxDD%)""}",3,46.893,"{""lookback"":167,""pivot_window"":7,""min_touches"":2,""tolerance_atr_mult"":1.1500000000000001,""cluster_atr_mult"":1.1500000000000001,""confirmation_bars"":3,""cooldown_bars"":7,""allowshort"":true}",2014-01-01,2024-12-31,2025-01-01,2026-04-20,2014-01-01,2026-04-20,104,22,11,11,50.0,2012119.19,-540401.18,94.27,,36.56,8208160.8,-1471694.2999999996,1618.89,1.06,1.2,0.0178,0.05,12,3,2,1,66.67,120842.48,-10340.0,96.0,,22.9,184232.40000000005,-10340.0000000001,23.13,0.76,0.89,0.0123,0.04,116,25,13,12,52.0,2022239.14,-510197.81,94.48,,36.56,8208160.8,-1471694.2999999996,2016.67,1.03,1.17,0.0172,0.05
PLZL,breakout_ols,1D,True,Bayesian_TPE,"{""sampler"":""TPESampler"",""seed"":42,""n_trials"":50,""direction"":""maximize"",""objective"":""composite = Sharpe * (Return% / MaxDD%)""}",4,45.415,"{""lookback"":213,""pivot_window"":9,""min_touches"":2,""tolerance_atr_mult"":1.1,""cluster_atr_mult"":1.05,""confirmation_bars"":3,""cooldown_bars"":5,""allowshort"":true}",2014-01-01,2024-12-31,2025-01-01,2026-04-20,2014-01-01,2026-04-20,101,22,10,12,45.45,2455312.94,-547589.91,102.05,,43.04,7441216.15,-1636780.5999999996,1798.21,1.09,1.31,0.0179,0.05,11,3,2,1,66.67,93733.0,-9013.8,95.33,,16.32,115240.0,-9013.800000000074,17.85,0.58,0.65,0.0134,0.05,112,24,11,13,45.83,2692684.23,-519508.66,106.08,,43.04,7441216.15,-1636780.5999999996,2286.59,1.05,1.26,0.0174,0.04
PLZL,breakout_ols,1D,True,Bayesian_TPE,"{""sampler"":""TPESampler"",""seed"":42,""n_trials"":50,""direction"":""maximize"",""objective"":""composite = Sharpe * (Return% / MaxDD%)""}",5,43.878,"{""lookback"":194,""pivot_window"":6,""min_touches"":2,""tolerance_atr_mult"":1.1,""cluster_atr_mult"":1.2,""confirmation_bars"":3,""cooldown_bars"":6,""allowshort"":true}",2014-01-01,2024-12-31,2025-01-01,2026-04-20,2014-01-01,2026-04-20,107,22,12,10,54.55,2055013.32,-769187.54,102.64,,40.76,8467987.799999999,-2489614.200000001,1696.83,1.05,1.25,0.0183,0.05,15,3,3,0,100.0,99111.87,0.0,82.67,,15.37,156511.99999999994,37720.79999999995,29.73,0.98,1.05,0.0114,0.07,122,25,15,10,60.0,2000431.35,-769187.54,100.24,,40.76,8467987.799999999,-2489614.200000001,2231.46,1.04,1.21,0.0175,0.04
PLZL,retest_pivot,1D,False,Bayesian_TPE,"{""sampler"":""TPESampler"",""seed"":42,""n_trials"":50,""direction"":""maximize"",""objective"":""composite = Sharpe * (Return% / MaxDD%)""}",1,96.748,"{""lookback"":100,""pivot_window"":5,""min_touches"":3,""tolerance_atr_mult"":0.3,""cluster_atr_mult"":1.0,""confirmation_bars"":1,""cooldown_bars"":13,""retest_window"":27,""cancel_atr_mult"":1.8,""allowshort"":false}",2014-01-01,2024-12-31,2025-01-01,2026-04-20,2014-01-01,2026-04-20,63,14,8,5,57.14,747344.28,-131408.87,129.64,,28.17,2671664.35,-264831.40000000066,532.17,1.2,1.36,0.017,0.07,5,2,2,0,100.0,121379.8,0.0,132.5,,17.4,179180.40000000005,63579.19999999994,24.28,0.76,0.79,0.0129,0.06,68,16,10,5,62.5,751524.16,-131408.87,130.0,,28.17,2671664.35,-264831.40000000066,685.82,1.15,1.3,0.0166,0.07
PLZL,retest_pivot,1D,False,Bayesian_TPE,"{""sampler"":""TPESampler"",""seed"":42,""n_trials"":50,""direction"":""maximize"",""objective"":""composite = Sharpe * (Return% / MaxDD%)""}",2,96.234,"{""lookback"":100,""pivot_window"":5,""min_touches"":3,""tolerance_atr_mult"":0.3,""cluster_atr_mult"":1.1,""confirmation_bars"":1,""cooldown_bars"":19,""retest_window"":28,""cancel_atr_mult"":2.3,""allowshort"":false}",2014-01-01,2024-12-31,2025-01-01,2026-04-20,2014-01-01,2026-04-20,58,14,8,5,57.14,748202.13,-143285.45,129.5,,28.17,2744205.9,-262907.00000000064,526.92,1.21,1.36,0.0169,0.07,5,2,2,0,100.0,136509.6,0.0,137.5,,17.39,209440.00000000015,63579.19999999994,27.3,0.82,0.88,0.0132,0.06,63,16,10,5,62.5,769976.93,-143285.45,130.5,,28.17,2744205.9,-262907.00000000064,698.33,1.16,1.31,0.0165,0.07
PLZL,retest_pivot,1D,False,Bayesian_TPE,"{""sampler"":""TPESampler"",""seed"":42,""n_trials"":50,""direction"":""maximize"",""objective"":""composite = Sharpe * (Return% / MaxDD%)""}",3,76.251,"{""lookback"":148,""pivot_window"":9,""min_touches"":3,""tolerance_atr_mult"":1.2,""cluster_atr_mult"":1.0,""confirmation_bars"":1,""cooldown_bars"":20,""retest_window"":31,""cancel_atr_mult"":2.4000000000000004,""allowshort"":false}",2014-01-01,2024-12-31,2025-01-01,2026-04-20,2014-01-01,2026-04-20,61,17,11,6,64.71,3475953.31,-843695.0,141.06,,53.86,10987722.9,-4136111.7000000016,3317.33,1.24,1.55,0.0186,0.04,10,3,2,1,66.67,96254.03,-137305.8,35.0,,17.53,153580.80000000008,-137305.8,5.52,0.34,0.27,0.0074,0.01,71,20,13,7,65.0,3448103.97,-1394613.17,125.15,,53.86,10987722.9,-4700122.199999999,3506.31,1.16,1.39,0.0176,0.04
PLZL,retest_pivot,1D,False,Bayesian_TPE,"{""sampler"":""TPESampler"",""seed"":42,""n_trials"":50,""direction"":""maximize"",""objective"":""composite = Sharpe * (Return% / MaxDD%)""}",4,73.636,"{""lookback"":102,""pivot_window"":5,""min_touches"":3,""tolerance_atr_mult"":0.45,""cluster_atr_mult"":1.1,""confirmation_bars"":1,""cooldown_bars"":15,""retest_window"":28,""cancel_atr_mult"":2.0,""allowshort"":false}",2014-01-01,2024-12-31,2025-01-01,2026-04-20,2014-01-01,2026-04-20,65,16,9,7,56.25,2931487.48,-730912.99,133.81,,33.3,8346119.749999999,-2960003.200000001,2126.7,1.15,1.17,0.0176,0.06,8,3,2,1,66.67,221243.6,-2156.8,73.67,,15.95,363487.1999999999,-2156.7999999998774,44.03,1.39,1.5,0.0109,0.1,73,19,11,8,57.89,3295131.27,-645554.47,124.32,,33.3,8346119.749999999,-2960003.200000001,3108.2,1.16,1.18,0.0169,0.06
PLZL,retest_pivot,1D,False,Bayesian_TPE,"{""sampler"":""TPESampler"",""seed"":42,""n_trials"":50,""direction"":""maximize"",""objective"":""composite = Sharpe * (Return% / MaxDD%)""}",5,60.176,"{""lookback"":143,""pivot_window"":4,""min_touches"":3,""tolerance_atr_mult"":0.3,""cluster_atr_mult"":0.8500000000000001,""confirmation_bars"":1,""cooldown_bars"":13,""retest_window"":32,""cancel_atr_mult"":2.2,""allowshort"":false}",2014-01-01,2024-12-31,2025-01-01,2026-04-20,2014-01-01,2026-04-20,81,25,12,13,48.0,2179940.6,-555450.77,79.4,,39.87,8248075.2,-1895046.0,1893.84,1.19,1.36,0.0167,0.05,9,2,1,1,50.0,197864.75,-85782.2,69.5,,19.01,197864.75,-85782.19999999995,11.21,0.52,0.49,0.0093,0.03,90,27,13,14,48.15,2315921.09,-638038.16,78.67,,39.87,8248075.2,-1895046.0,2117.44,1.12,1.26,0.0159,0.04
PLZL,retest_ols,1D,True,Bayesian_TPE,"{""sampler"":""TPESampler"",""seed"":42,""n_trials"":50,""direction"":""maximize"",""objective"":""composite = Sharpe * (Return% / MaxDD%)""}",1,44.96,"{""lookback"":194,""pivot_window"":9,""min_touches"":2,""tolerance_atr_mult"":1.2,""cluster_atr_mult"":1.05,""confirmation_bars"":2,""cooldown_bars"":14,""retest_window"":30,""cancel_atr_mult"":1.0,""allowshort"":true}",2014-01-01,2024-12-31,2025-01-01,2026-04-20,2014-01-01,2026-04-20,78,21,11,10,52.38,1524336.32,-298980.36,105.57,,31.84,3525784.5,-756734.850000001,1377.79,1.04,1.23,0.0171,0.06,9,3,2,1,66.67,123239.8,-20127.2,91.67,,14.64,156364.39999999988,-20127.200000000023,22.64,0.71,0.76,0.0132,0.06,87,24,13,11,54.17,1570348.17,-298848.3,103.83,,31.84,3525784.5,-756734.850000001,1712.72,1.0,1.17,0.0167,0.05
PLZL,retest_ols,1D,True,Bayesian_TPE,"{""sampler"":""TPESampler"",""seed"":42,""n_trials"":50,""direction"":""maximize"",""objective"":""composite = Sharpe * (Return% / MaxDD%)""}",2,43.685,"{""lookback"":194,""pivot_window"":9,""min_touches"":2,""tolerance_atr_mult"":1.2,""cluster_atr_mult"":1.1500000000000001,""confirmation_bars"":2,""cooldown_bars"":16,""retest_window"":36,""cancel_atr_mult"":0.7,""allowshort"":true}",2014-01-01,2024-12-31,2025-01-01,2026-04-20,2014-01-01,2026-04-20,70,20,11,9,55.0,1485714.63,-344914.38,102.55,,31.85,3525784.5,-1005766.8999999996,1323.86,1.05,1.18,0.0166,0.05,9,3,2,1,66.67,123239.8,-18792.8,90.0,,14.62,156364.39999999988,-18792.799999999977,22.77,0.72,0.76,0.0131,0.06,79,23,13,10,56.52,1527546.43,-337219.58,100.91,,31.85,3525784.5,-1005766.8999999996,1648.59,1.01,1.14,0.0162,0.05
PLZL,retest_ols,1D,True,Bayesian_TPE,"{""sampler"":""TPESampler"",""seed"":42,""n_trials"":50,""direction"":""maximize"",""objective"":""composite = Sharpe * (Return% / MaxDD%)""}",3,35.361,"{""lookback"":181,""pivot_window"":7,""min_touches"":2,""tolerance_atr_mult"":0.9000000000000001,""cluster_atr_mult"":0.95,""confirmation_bars"":2,""cooldown_bars"":13,""retest_window"":35,""cancel_atr_mult"":0.5,""allowshort"":true}",2014-01-01,2024-12-31,2025-01-01,2026-04-20,2014-01-01,2026-04-20,79,21,14,7,66.67,874813.16,-215952.17,97.1,,31.21,3892720.0,-411515.0999999995,1073.57,1.03,1.1,0.0157,0.05,9,4,2,2,50.0,119203.35,-84840.2,53.25,,23.14,153476.7000000001,-88340.3999999999,6.87,0.31,0.31,0.0121,0.02,88,25,16,9,64.0,940594.12,-389549.78,90.08,,31.21,3892720.0,-1038786.799999999,1154.36,0.95,1.01,0.0153,0.05
PLZL,retest_ols,1D,True,Bayesian_TPE,"{""sampler"":""TPESampler"",""seed"":42,""n_trials"":50,""direction"":""maximize"",""objective"":""composite = Sharpe * (Return% / MaxDD%)""}",4,33.124,"{""lookback"":188,""pivot_window"":8,""min_touches"":2,""tolerance_atr_mult"":1.05,""cluster_atr_mult"":1.1,""confirmation_bars"":2,""cooldown_bars"":19,""retest_window"":32,""cancel_atr_mult"":0.9,""allowshort"":true}",2014-01-01,2024-12-31,2025-01-01,2026-04-20,2014-01-01,2026-04-20,73,22,14,8,63.64,822306.32,-186795.47,95.64,,31.03,2477183.9499999997,-534839.5499999998,1001.79,1.03,1.12,0.0153,0.05,9,3,2,1,66.67,89503.0,-144518.4,59.33,,23.34,103016.0,-144518.39999999997,3.45,0.21,0.17,0.0112,0.01,82,25,16,9,64.0,842932.69,-343325.93,91.28,,31.03,2477183.9499999997,-1595569.6,1039.7,0.94,1.0,0.0148,0.04
PLZL,retest_ols,1D,True,Bayesian_TPE,"{""sampler"":""TPESampler"",""seed"":42,""n_trials"":50,""direction"":""maximize"",""objective"":""composite = Sharpe * (Return% / MaxDD%)""}",5,32.149,"{""lookback"":187,""pivot_window"":8,""min_touches"":2,""tolerance_atr_mult"":1.0,""cluster_atr_mult"":1.1,""confirmation_bars"":2,""cooldown_bars"":18,""retest_window"":32,""cancel_atr_mult"":0.9,""allowshort"":true}",2014-01-01,2024-12-31,2025-01-01,2026-04-20,2014-01-01,2026-04-20,70,22,14,8,63.64,798146.34,-203479.29,85.27,,30.97,1940005.6,-510872.9499999998,954.62,1.04,1.1,0.0146,0.05,9,3,2,1,66.67,89503.0,-144518.4,59.33,,23.34,103016.0,-144518.39999999997,3.45,0.21,0.17,0.0112,0.01,79,25,16,9,64.0,816500.47,-350573.24,82.16,,30.97,1940005.6,-1527324.7999999998,990.88,0.96,0.98,0.0142,0.04
PLZL,obv,1D,False,Bayesian_TPE,"{""sampler"":""TPESampler"",""seed"":42,""n_trials"":50,""direction"":""maximize"",""objective"":""composite = Sharpe * (Return% / MaxDD%)""}",1,378.229,"{""obv_ema_window"":22,""confirmation_bars"":4,""allowshort"":false}",2014-01-01,2024-12-31,2025-01-01,2026-04-20,2014-01-01,2026-04-20,739,97,38,59,39.18,2630243.13,-680964.5,19.99,,23.61,15755685.0,-5904093.599999996,5977.23,1.49,1.77,0.0174,0.11,141,19,5,13,26.32,93427.04,-16253.05,8.11,,7.52,229152.0,-43201.59999999995,25.58,1.05,0.95,0.0091,0.13,880,116,43,72,37.07,3710099.35,-798931.19,18.65,,23.61,21494431.5,-5904093.599999996,10201.12,1.52,1.79,0.0167,0.11
PLZL,obv,1D,False,Bayesian_TPE,"{""sampler"":""TPESampler"",""seed"":42,""n_trials"":50,""direction"":""maximize"",""objective"":""composite = Sharpe * (Return% / MaxDD%)""}",2,378.229,"{""obv_ema_window"":22,""confirmation_bars"":4,""allowshort"":false}",2014-01-01,2024-12-31,2025-01-01,2026-04-20,2014-01-01,2026-04-20,739,97,38,59,39.18,2630243.13,-680964.5,19.99,,23.61,15755685.0,-5904093.599999996,5977.23,1.49,1.77,0.0174,0.11,141,19,5,13,26.32,93427.04,-16253.05,8.11,,7.52,229152.0,-43201.59999999995,25.58,1.05,0.95,0.0091,0.13,880,116,43,72,37.07,3710099.35,-798931.19,18.65,,23.61,21494431.5,-5904093.599999996,10201.12,1.52,1.79,0.0167,0.11
PLZL,obv,1D,False,Bayesian_TPE,"{""sampler"":""TPESampler"",""seed"":42,""n_trials"":50,""direction"":""maximize"",""objective"":""composite = Sharpe * (Return% / MaxDD%)""}",3,378.229,"{""obv_ema_window"":22,""confirmation_bars"":4,""allowshort"":false}",2014-01-01,2024-12-31,2025-01-01,2026-04-20,2014-01-01,2026-04-20,739,97,38,59,39.18,2630243.13,-680964.5,19.99,,23.61,15755685.0,-5904093.599999996,5977.23,1.49,1.77,0.0174,0.11,141,19,5,13,26.32,93427.04,-16253.05,8.11,,7.52,229152.0,-43201.59999999995,25.58,1.05,0.95,0.0091,0.13,880,116,43,72,37.07,3710099.35,-798931.19,18.65,,23.61,21494431.5,-5904093.599999996,10201.12,1.52,1.79,0.0167,0.11
PLZL,obv,1D,False,Bayesian_TPE,"{""sampler"":""TPESampler"",""seed"":42,""n_trials"":50,""direction"":""maximize"",""objective"":""composite = Sharpe * (Return% / MaxDD%)""}",4,378.229,"{""obv_ema_window"":22,""confirmation_bars"":4,""allowshort"":false}",2014-01-01,2024-12-31,2025-01-01,2026-04-20,2014-01-01,2026-04-20,739,97,38,59,39.18,2630243.13,-680964.5,19.99,,23.61,15755685.0,-5904093.599999996,5977.23,1.49,1.77,0.0174,0.11,141,19,5,13,26.32,93427.04,-16253.05,8.11,,7.52,229152.0,-43201.59999999995,25.58,1.05,0.95,0.0091,0.13,880,116,43,72,37.07,3710099.35,-798931.19,18.65,,23.61,21494431.5,-5904093.599999996,10201.12,1.52,1.79,0.0167,0.11
PLZL,obv,1D,False,Bayesian_TPE,"{""sampler"":""TPESampler"",""seed"":42,""n_trials"":50,""direction"":""maximize"",""objective"":""composite = Sharpe * (Return% / MaxDD%)""}",5,366.748,"{""obv_ema_window"":21,""confirmation_bars"":4,""allowshort"":false}",2014-01-01,2024-12-31,2025-01-01,2026-04-20,2014-01-01,2026-04-20,774,104,42,62,40.38,2314662.96,-597857.38,18.43,,24.65,15320629.5,-5507319.599999996,6014.87,1.5,1.8,0.0173,0.11,141,19,5,13,26.32,93427.04,-16253.05,8.11,,7.52,229152.0,-43201.59999999995,25.58,1.05,0.95,0.0091,0.13,915,123,47,75,38.21,3344035.87,-726943.89,17.41,,24.65,21627452.0,-5507319.599999996,10264.89,1.53,1.82,0.0166,0.1
PLZL,vwap,1D,False,Bayesian_TPE,"{""sampler"":""TPESampler"",""seed"":42,""n_trials"":50,""direction"":""maximize"",""objective"":""composite = Sharpe * (Return% / MaxDD%)""}",1,166.662,"{""vwap_window"":91,""vwap_tol"":0.006,""vwap_mode"":""rolling"",""allowshort"":false}",2014-01-01,2024-12-31,2025-01-01,2026-04-20,2014-01-01,2026-04-20,87,26,9,17,34.62,5635774.95,-585345.9,87.62,,33.05,15089327.4,-2387496.600000001,4077.11,1.35,1.73,0.0177,0.07,17,7,3,4,42.86,191780.03,-45951.8,44.29,,17.55,288633.8999999999,-97707.20000000024,39.15,1.04,1.15,0.0139,0.08,104,32,12,20,37.5,6270749.89,-881944.55,81.0,,33.05,15089327.4,-4118080.2000000095,5761.01,1.32,1.67,0.0173,0.07
PLZL,vwap,1D,False,Bayesian_TPE,"{""sampler"":""TPESampler"",""seed"":42,""n_trials"":50,""direction"":""maximize"",""objective"":""composite = Sharpe * (Return% / MaxDD%)""}",2,157.828,"{""vwap_window"":91,""vwap_tol"":0.009000000000000001,""vwap_mode"":""rolling"",""allowshort"":false}",2014-01-01,2024-12-31,2025-01-01,2026-04-20,2014-01-01,2026-04-20,91,23,9,14,39.13,5313402.6,-643810.75,98.96,,32.85,14360571.8,-2226657.600000001,3880.73,1.34,1.71,0.0177,0.07,17,6,3,3,50.0,183356.37,-59556.07,52.17,,17.56,249780.69999999995,-97861.80000000024,37.14,0.99,1.11,0.0141,0.08,108,28,12,16,42.86,5815758.75,-983671.36,92.61,,32.85,14360571.8,-3929313.6000000094,5405.04,1.3,1.65,0.0173,0.07
PLZL,vwap,1D,False,Bayesian_TPE,"{""sampler"":""TPESampler"",""seed"":42,""n_trials"":50,""direction"":""maximize"",""objective"":""composite = Sharpe * (Return% / MaxDD%)""}",3,156.649,"{""vwap_window"":103,""vwap_tol"":0.009000000000000001,""vwap_mode"":""rolling"",""allowshort"":false}",2014-01-01,2024-12-31,2025-01-01,2026-04-20,2014-01-01,2026-04-20,75,21,8,13,38.1,5944987.53,-763010.06,111.14,,31.79,15446388.1,-1926382.5000000016,3764.08,1.32,1.72,0.0177,0.07,15,4,2,2,50.0,98289.0,-31098.6,49.5,,14.28,112505.99999999996,-42524.79999999995,13.44,0.52,0.44,0.0114,0.04,90,25,10,15,40.0,6719258.8,-863352.02,106.08,,31.79,15446388.1,-2071764.7999999975,5424.23,1.3,1.66,0.0173,0.07
PLZL,vwap,1D,False,Bayesian_TPE,"{""sampler"":""TPESampler"",""seed"":42,""n_trials"":50,""direction"":""maximize"",""objective"":""composite = Sharpe * (Return% / MaxDD%)""}",4,153.914,"{""vwap_window"":85,""vwap_tol"":0.008,""vwap_mode"":""rolling"",""allowshort"":false}",2014-01-01,2024-12-31,2025-01-01,2026-04-20,2014-01-01,2026-04-20,103,26,9,17,34.62,5537428.33,-679680.48,86.23,,33.18,14850160.000000002,-2237090.400000001,3828.23,1.33,1.7,0.0177,0.07,19,7,3,4,42.86,180256.87,-44752.85,43.29,,17.56,260290.79999999993,-95542.80000000022,36.18,0.98,1.08,0.0138,0.08,122,32,12,20,37.5,6042875.82,-918277.04,79.81,,33.18,14850160.000000002,-3872730.00000001,5414.9,1.3,1.64,0.0172,0.07
PLZL,vwap,1D,False,Bayesian_TPE,"{""sampler"":""TPESampler"",""seed"":42,""n_trials"":50,""direction"":""maximize"",""objective"":""composite = Sharpe * (Return% / MaxDD%)""}",5,150.202,"{""vwap_window"":93,""vwap_tol"":0.004,""vwap_mode"":""rolling"",""allowshort"":false}",2014-01-01,2024-12-31,2025-01-01,2026-04-20,2014-01-01,2026-04-20,81,30,9,21,30.0,5677181.54,-539424.59,76.57,,35.53,15005643.05,-2361166.2000000007,3976.67,1.34,1.73,0.0177,0.07,17,7,3,4,42.86,92441.4,-38559.85,31.43,,17.56,156633.39999999997,-80082.80000000019,12.31,0.48,0.44,0.0119,0.03,98,36,11,25,30.56,6840988.75,-766996.96,72.61,,35.53,15005643.05,-4073864.6000000094,5607.6,1.31,1.66,0.0173,0.06
PLZL,engulfing,1D,False,Bayesian_TPE,"{""sampler"":""TPESampler"",""seed"":42,""n_trials"":50,""direction"":""maximize"",""objective"":""composite = Sharpe * (Return% / MaxDD%)""}",1,23.381,"{""doji_tol"":0.13,""wick_body_ratio"":2.4,""allowshort"":false}",2014-01-01,2024-12-31,2025-01-01,2026-04-20,2014-01-01,2026-04-20,280,71,40,31,56.34,431383.38,-220576.6,29.54,,41.17,2120737.0999999996,-1225834.7500000002,1041.75,0.92,0.98,0.0179,0.04,41,9,5,4,55.56,35705.68,-27328.55,11.0,,9.95,104169.59999999996,-51571.19999999994,6.92,0.37,0.28,0.0087,0.03,321,80,45,35,56.25,428762.17,-231067.23,27.45,,41.17,2120737.0999999996,-1225834.7500000002,1120.69,0.87,0.89,0.017,0.04
PLZL,engulfing,1D,False,Bayesian_TPE,"{""sampler"":""TPESampler"",""seed"":42,""n_trials"":50,""direction"":""maximize"",""objective"":""composite = Sharpe * (Return% / MaxDD%)""}",2,23.381,"{""doji_tol"":0.12,""wick_body_ratio"":3.5,""allowshort"":false}",2014-01-01,2024-12-31,2025-01-01,2026-04-20,2014-01-01,2026-04-20,280,71,40,31,56.34,431383.38,-220576.6,29.54,,41.17,2120737.0999999996,-1225834.7500000002,1041.75,0.92,0.98,0.0179,0.04,41,9,5,4,55.56,35705.68,-27328.55,11.0,,9.95,104169.59999999996,-51571.19999999994,6.92,0.37,0.28,0.0087,0.03,321,80,45,35,56.25,428762.17,-231067.23,27.45,,41.17,2120737.0999999996,-1225834.7500000002,1120.69,0.87,0.89,0.017,0.04
PLZL,engulfing,1D,False,Bayesian_TPE,"{""sampler"":""TPESampler"",""seed"":42,""n_trials"":50,""direction"":""maximize"",""objective"":""composite = Sharpe * (Return% / MaxDD%)""}",3,23.381,"{""doji_tol"":0.18,""wick_body_ratio"":1.5,""allowshort"":false}",2014-01-01,2024-12-31,2025-01-01,2026-04-20,2014-01-01,2026-04-20,280,71,40,31,56.34,431383.38,-220576.6,29.54,,41.17,2120737.0999999996,-1225834.7500000002,1041.75,0.92,0.98,0.0179,0.04,41,9,5,4,55.56,35705.68,-27328.55,11.0,,9.95,104169.59999999996,-51571.19999999994,6.92,0.37,0.28,0.0087,0.03,321,80,45,35,56.25,428762.17,-231067.23,27.45,,41.17,2120737.0999999996,-1225834.7500000002,1120.69,0.87,0.89,0.017,0.04
PLZL,engulfing,1D,False,Bayesian_TPE,"{""sampler"":""TPESampler"",""seed"":42,""n_trials"":50,""direction"":""maximize"",""objective"":""composite = Sharpe * (Return% / MaxDD%)""}",4,23.381,"{""doji_tol"":0.14,""wick_body_ratio"":1.9,""allowshort"":false}",2014-01-01,2024-12-31,2025-01-01,2026-04-20,2014-01-01,2026-04-20,280,71,40,31,56.34,431383.38,-220576.6,29.54,,41.17,2120737.0999999996,-1225834.7500000002,1041.75,0.92,0.98,0.0179,0.04,41,9,5,4,55.56,35705.68,-27328.55,11.0,,9.95,104169.59999999996,-51571.19999999994,6.92,0.37,0.28,0.0087,0.03,321,80,45,35,56.25,428762.17,-231067.23,27.45,,41.17,2120737.0999999996,-1225834.7500000002,1120.69,0.87,0.89,0.017,0.04
PLZL,engulfing,1D,False,Bayesian_TPE,"{""sampler"":""TPESampler"",""seed"":42,""n_trials"":50,""direction"":""maximize"",""objective"":""composite = Sharpe * (Return% / MaxDD%)""}",5,23.381,"{""doji_tol"":0.16,""wick_body_ratio"":1.7,""allowshort"":false}",2014-01-01,2024-12-31,2025-01-01,2026-04-20,2014-01-01,2026-04-20,280,71,40,31,56.34,431383.38,-220576.6,29.54,,41.17,2120737.0999999996,-1225834.7500000002,1041.75,0.92,0.98,0.0179,0.04,41,9,5,4,55.56,35705.68,-27328.55,11.0,,9.95,104169.59999999996,-51571.19999999994,6.92,0.37,0.28,0.0087,0.03,321,80,45,35,56.25,428762.17,-231067.23,27.45,,41.17,2120737.0999999996,-1225834.7500000002,1120.69,0.87,0.89,0.017,0.04
PLZL,hammerdoji,1D,False,Bayesian_TPE,"{""sampler"":""TPESampler"",""seed"":42,""n_trials"":50,""direction"":""maximize"",""objective"":""composite = Sharpe * (Return% / MaxDD%)""}",1,23.228,"{""doji_tol"":0.15,""wick_body_ratio"":2.5,""allowshort"":false}",2014-01-01,2024-12-31,2025-01-01,2026-04-20,2014-01-01,2026-04-20,634,164,88,73,53.66,448736.95,-346590.46,12.86,,64.44,4373523.549999999,-3924963.950000001,1418.77,1.05,1.28,0.017,0.03,95,26,17,9,65.38,57767.14,-53959.76,10.42,,19.36,290745.0,-125309.75,49.64,1.33,1.46,0.0128,0.09,729,189,105,82,55.56,520071.96,-399156.88,12.63,,64.44,4445122.5,-3924963.950000001,2187.67,1.08,1.3,0.0165,0.03
PLZL,hammerdoji,1D,False,Bayesian_TPE,"{""sampler"":""TPESampler"",""seed"":42,""n_trials"":50,""direction"":""maximize"",""objective"":""composite = Sharpe * (Return% / MaxDD%)""}",2,23.228,"{""doji_tol"":0.15,""wick_body_ratio"":2.5,""allowshort"":false}",2014-01-01,2024-12-31,2025-01-01,2026-04-20,2014-01-01,2026-04-20,634,164,88,73,53.66,448736.95,-346590.46,12.86,,64.44,4373523.549999999,-3924963.950000001,1418.77,1.05,1.28,0.017,0.03,95,26,17,9,65.38,57767.14,-53959.76,10.42,,19.36,290745.0,-125309.75,49.64,1.33,1.46,0.0128,0.09,729,189,105,82,55.56,520071.96,-399156.88,12.63,,64.44,4445122.5,-3924963.950000001,2187.67,1.08,1.3,0.0165,0.03
PLZL,hammerdoji,1D,False,Bayesian_TPE,"{""sampler"":""TPESampler"",""seed"":42,""n_trials"":50,""direction"":""maximize"",""objective"":""composite = Sharpe * (Return% / MaxDD%)""}",3,22.646,"{""doji_tol"":0.14,""wick_body_ratio"":2.5,""allowshort"":false}",2014-01-01,2024-12-31,2025-01-01,2026-04-20,2014-01-01,2026-04-20,610,158,85,70,53.8,472369.89,-375046.39,13.35,,64.44,4694712.549999999,-4213376.200000001,1389.82,1.05,1.28,0.0169,0.03,91,25,17,8,68.0,57491.0,-70190.96,11.04,,19.36,290745.0,-141694.8000000001,41.58,1.15,1.28,0.013,0.08,701,182,102,78,56.04,538345.91,-444620.53,13.14,,64.44,4694712.549999999,-4213376.200000001,2023.09,1.06,1.28,0.0165,0.03
PLZL,hammerdoji,1D,False,Bayesian_TPE,"{""sampler"":""TPESampler"",""seed"":42,""n_trials"":50,""direction"":""maximize"",""objective"":""composite = Sharpe * (Return% / MaxDD%)""}",4,22.072,"{""doji_tol"":0.16,""wick_body_ratio"":2.7,""allowshort"":false}",2014-01-01,2024-12-31,2025-01-01,2026-04-20,2014-01-01,2026-04-20,641,164,87,73,53.05,379148.04,-290886.45,12.48,,54.73,3244008.899999999,-2574131.9000000004,1175.12,1.03,1.31,0.0162,0.03,97,27,18,9,66.67,55824.39,-59503.32,9.48,,19.36,290745.0,-125309.75,46.93,1.3,1.36,0.0125,0.08,738,190,105,82,55.26,437820.62,-342852.1,12.16,,54.73,3731773.5,-2574131.9000000004,1785.73,1.05,1.31,0.0158,0.03
PLZL,hammerdoji,1D,False,Bayesian_TPE,"{""sampler"":""TPESampler"",""seed"":42,""n_trials"":50,""direction"":""maximize"",""objective"":""composite = Sharpe * (Return% / MaxDD%)""}",5,22.072,"{""doji_tol"":0.16,""wick_body_ratio"":2.7,""allowshort"":false}",2014-01-01,2024-12-31,2025-01-01,2026-04-20,2014-01-01,2026-04-20,641,164,87,73,53.05,379148.04,-290886.45,12.48,,54.73,3244008.899999999,-2574131.9000000004,1175.12,1.03,1.31,0.0162,0.03,97,27,18,9,66.67,55824.39,-59503.32,9.48,,19.36,290745.0,-125309.75,46.93,1.3,1.36,0.0125,0.08,738,190,105,82,55.26,437820.62,-342852.1,12.16,,54.73,3731773.5,-2574131.9000000004,1785.73,1.05,1.31,0.0158,0.03
PLZL,harami,1D,False,Bayesian_TPE,"{""sampler"":""TPESampler"",""seed"":42,""n_trials"":50,""direction"":""maximize"",""objective"":""composite = Sharpe * (Return% / MaxDD%)""}",1,8.411,"{""doji_tol"":0.13,""wick_body_ratio"":2.4,""allowshort"":false}",2014-01-01,2024-12-31,2025-01-01,2026-04-20,2014-01-01,2026-04-20,29,8,7,1,87.5,467592.38,-164905.0,125.0,,31.67,2576117.1,-164905.0,310.82,0.86,0.58,0.0105,0.03,5,1,1,0,100.0,300144.6,0.0,351.0,,22.91,300144.5999999999,300144.5999999999,30.01,0.82,1.03,0.0146,0.05,34,8,7,1,87.5,819270.98,-164905.0,184.38,,31.67,2576117.1,-164905.0,557.0,0.91,0.74,0.0115,0.03
PLZL,harami,1D,False,Bayesian_TPE,"{""sampler"":""TPESampler"",""seed"":42,""n_trials"":50,""direction"":""maximize"",""objective"":""composite = Sharpe * (Return% / MaxDD%)""}",2,8.411,"{""doji_tol"":0.12,""wick_body_ratio"":3.5,""allowshort"":false}",2014-01-01,2024-12-31,2025-01-01,2026-04-20,2014-01-01,2026-04-20,29,8,7,1,87.5,467592.38,-164905.0,125.0,,31.67,2576117.1,-164905.0,310.82,0.86,0.58,0.0105,0.03,5,1,1,0,100.0,300144.6,0.0,351.0,,22.91,300144.5999999999,300144.5999999999,30.01,0.82,1.03,0.0146,0.05,34,8,7,1,87.5,819270.98,-164905.0,184.38,,31.67,2576117.1,-164905.0,557.0,0.91,0.74,0.0115,0.03
PLZL,harami,1D,False,Bayesian_TPE,"{""sampler"":""TPESampler"",""seed"":42,""n_trials"":50,""direction"":""maximize"",""objective"":""composite = Sharpe * (Return% / MaxDD%)""}",3,8.411,"{""doji_tol"":0.18,""wick_body_ratio"":1.5,""allowshort"":false}",2014-01-01,2024-12-31,2025-01-01,2026-04-20,2014-01-01,2026-04-20,29,8,7,1,87.5,467592.38,-164905.0,125.0,,31.67,2576117.1,-164905.0,310.82,0.86,0.58,0.0105,0.03,5,1,1,0,100.0,300144.6,0.0,351.0,,22.91,300144.5999999999,300144.5999999999,30.01,0.82,1.03,0.0146,0.05,34,8,7,1,87.5,819270.98,-164905.0,184.38,,31.67,2576117.1,-164905.0,557.0,0.91,0.74,0.0115,0.03
PLZL,harami,1D,False,Bayesian_TPE,"{""sampler"":""TPESampler"",""seed"":42,""n_trials"":50,""direction"":""maximize"",""objective"":""composite = Sharpe * (Return% / MaxDD%)""}",4,8.411,"{""doji_tol"":0.14,""wick_body_ratio"":1.9,""allowshort"":false}",2014-01-01,2024-12-31,2025-01-01,2026-04-20,2014-01-01,2026-04-20,29,8,7,1,87.5,467592.38,-164905.0,125.0,,31.67,2576117.1,-164905.0,310.82,0.86,0.58,0.0105,0.03,5,1,1,0,100.0,300144.6,0.0,351.0,,22.91,300144.5999999999,300144.5999999999,30.01,0.82,1.03,0.0146,0.05,34,8,7,1,87.5,819270.98,-164905.0,184.38,,31.67,2576117.1,-164905.0,557.0,0.91,0.74,0.0115,0.03
PLZL,harami,1D,False,Bayesian_TPE,"{""sampler"":""TPESampler"",""seed"":42,""n_trials"":50,""direction"":""maximize"",""objective"":""composite = Sharpe * (Return% / MaxDD%)""}",5,8.411,"{""doji_tol"":0.16,""wick_body_ratio"":1.7,""allowshort"":false}",2014-01-01,2024-12-31,2025-01-01,2026-04-20,2014-01-01,2026-04-20,29,8,7,1,87.5,467592.38,-164905.0,125.0,,31.67,2576117.1,-164905.0,310.82,0.86,0.58,0.0105,0.03,5,1,1,0,100.0,300144.6,0.0,351.0,,22.91,300144.5999999999,300144.5999999999,30.01,0.82,1.03,0.0146,0.05,34,8,7,1,87.5,819270.98,-164905.0,184.38,,31.67,2576117.1,-164905.0,557.0,0.91,0.74,0.0115,0.03
PLZL,candle_ensemble,1D,False,Bayesian_TPE,"{""sampler"":""TPESampler"",""seed"":42,""n_trials"":50,""direction"":""maximize"",""objective"":""composite = Sharpe * (Return% / MaxDD%)""}",1,79.442,"{""ensemble_window"":10,""min_votes"":3,""doji_tol"":0.13,""wick_body_ratio"":2.9000000000000004,""allowshort"":false}",2014-01-01,2024-12-31,2025-01-01,2026-04-20,2014-01-01,2026-04-20,184,39,26,13,66.67,1887576.41,-1492115.6,51.05,,46.7,17233713.9,-8592803.200000001,2967.95,1.25,1.45,0.0177,0.05,29,7,3,3,42.86,187991.0,-46652.47,34.57,,16.21,285017.9999999999,-92708.0,42.4,1.16,1.23,0.0132,0.09,213,46,29,16,63.04,2289299.09,-1481031.79,48.54,,46.7,17233713.9,-8592803.200000001,4269.32,1.24,1.43,0.0172,0.05
PLZL,candle_ensemble,1D,False,Bayesian_TPE,"{""sampler"":""TPESampler"",""seed"":42,""n_trials"":50,""direction"":""maximize"",""objective"":""composite = Sharpe * (Return% / MaxDD%)""}",2,69.24,"{""ensemble_window"":10,""min_votes"":3,""doji_tol"":0.14,""wick_body_ratio"":2.8,""allowshort"":false}",2014-01-01,2024-12-31,2025-01-01,2026-04-20,2014-01-01,2026-04-20,199,42,27,15,64.29,1716892.09,-1298490.15,50.24,,46.7,17387006.0,-7480863.1000000015,2687.87,1.2,1.44,0.018,0.05,29,7,3,3,42.86,182752.73,-68094.27,34.14,,20.92,285017.9999999999,-116610.0,34.4,0.99,1.04,0.013,0.06,228,49,30,18,61.22,2055026.65,-1398737.5,47.94,,46.7,17387006.0,-7480863.1000000015,3647.35,1.18,1.39,0.0175,0.04
PLZL,candle_ensemble,1D,False,Bayesian_TPE,"{""sampler"":""TPESampler"",""seed"":42,""n_trials"":50,""direction"":""maximize"",""objective"":""composite = Sharpe * (Return% / MaxDD%)""}",3,69.24,"{""ensemble_window"":10,""min_votes"":3,""doji_tol"":0.14,""wick_body_ratio"":2.8,""allowshort"":false}",2014-01-01,2024-12-31,2025-01-01,2026-04-20,2014-01-01,2026-04-20,199,42,27,15,64.29,1716892.09,-1298490.15,50.24,,46.7,17387006.0,-7480863.1000000015,2687.87,1.2,1.44,0.018,0.05,29,7,3,3,42.86,182752.73,-68094.27,34.14,,20.92,285017.9999999999,-116610.0,34.4,0.99,1.04,0.013,0.06,228,49,30,18,61.22,2055026.65,-1398737.5,47.94,,46.7,17387006.0,-7480863.1000000015,3647.35,1.18,1.39,0.0175,0.04
PLZL,candle_ensemble,1D,False,Bayesian_TPE,"{""sampler"":""TPESampler"",""seed"":42,""n_trials"":50,""direction"":""maximize"",""objective"":""composite = Sharpe * (Return% / MaxDD%)""}",4,67.208,"{""ensemble_window"":10,""min_votes"":3,""doji_tol"":0.13,""wick_body_ratio"":2.8,""allowshort"":false}",2014-01-01,2024-12-31,2025-01-01,2026-04-20,2014-01-01,2026-04-20,192,40,25,15,62.5,1909082.91,-1385151.12,51.73,,48.44,18925182.9,-7880003.550000002,2694.98,1.21,1.43,0.0179,0.04,29,7,3,3,42.86,187991.0,-46652.47,34.57,,16.21,285017.9999999999,-92708.0,42.4,1.16,1.23,0.0132,0.09,221,47,28,18,59.57,2267840.01,-1371882.73,49.17,,48.44,18925182.9,-7880003.550000002,3880.56,1.2,1.4,0.0174,0.04
PLZL,candle_ensemble,1D,False,Bayesian_TPE,"{""sampler"":""TPESampler"",""seed"":42,""n_trials"":50,""direction"":""maximize"",""objective"":""composite = Sharpe * (Return% / MaxDD%)""}",5,67.208,"{""ensemble_window"":10,""min_votes"":3,""doji_tol"":0.13,""wick_body_ratio"":2.8,""allowshort"":false}",2014-01-01,2024-12-31,2025-01-01,2026-04-20,2014-01-01,2026-04-20,192,40,25,15,62.5,1909082.91,-1385151.12,51.73,,48.44,18925182.9,-7880003.550000002,2694.98,1.21,1.43,0.0179,0.04,29,7,3,3,42.86,187991.0,-46652.47,34.57,,16.21,285017.9999999999,-92708.0,42.4,1.16,1.23,0.0132,0.09,221,47,28,18,59.57,2267840.01,-1371882.73,49.17,,48.44,18925182.9,-7880003.550000002,3880.56,1.2,1.4,0.0174,0.04
GMKN,ema,1D,True,Bayesian_TPE,"{""sampler"":""TPESampler"",""seed"":42,""n_trials"":50,""direction"":""maximize"",""objective"":""composite = Sharpe * (Return% / MaxDD%)""}",1,11.035,"{""short_ema"":32,""long_ema"":200,""allowshort"":true}",2014-01-01,2024-12-31,2025-01-01,2026-04-20,2014-01-01,2026-04-20,10,10,5,5,50.0,1012165.83,-60075.79,400.3,,31.19,1587849.7600000002,-88625.73999999985,476.05,0.72,0.97,0.0172,0.04,4,4,1,3,25.0,36896.68,-104701.45,106.0,,36.78,36896.68000000006,-191881.02000000008,-27.72,-0.5,-0.71,0.019,-0.03,14,14,6,8,42.86,766748.81,-238242.54,319.86,,45.92,1587849.7600000002,-980802.0000000003,269.46,0.51,0.7,0.0175,0.02
GMKN,ema,1D,True,Bayesian_TPE,"{""sampler"":""TPESampler"",""seed"":42,""n_trials"":50,""direction"":""maximize"",""objective"":""composite = Sharpe * (Return% / MaxDD%)""}",2,10.1,"{""short_ema"":37,""long_ema"":179,""allowshort"":true}",2014-01-01,2024-12-31,2025-01-01,2026-04-20,2014-01-01,2026-04-20,10,10,5,5,50.0,1010833.71,-68658.45,400.3,,33.77,1467819.5,-136563.9799999998,471.09,0.72,0.97,0.0171,0.04,4,4,1,3,25.0,34001.8,-122624.33,106.25,,43.39,34001.800000000054,-206526.2,-33.39,-0.63,-0.88,0.0198,-0.03,14,14,6,8,42.86,782355.59,-280885.5,319.86,,49.13,1467819.5,-1068798.7999999998,244.7,0.49,0.67,0.0175,0.02
GMKN,ema,1D,True,Bayesian_TPE,"{""sampler"":""TPESampler"",""seed"":42,""n_trials"":50,""direction"":""maximize"",""objective"":""composite = Sharpe * (Return% / MaxDD%)""}",3,9.173,"{""short_ema"":34,""long_ema"":184,""allowshort"":true}",2014-01-01,2024-12-31,2025-01-01,2026-04-20,2014-01-01,2026-04-20,12,12,5,7,41.67,1007343.36,-87509.44,333.58,,34.05,1592154.64,-184002.25999999995,442.42,0.71,0.95,0.0171,0.04,4,4,1,3,25.0,33695.0,-102270.11,106.25,,37.58,33695.00000000008,-172947.12,-27.31,-0.49,-0.69,0.0192,-0.02,16,16,6,10,37.5,782208.74,-212064.49,279.88,,43.91,1592154.64,-850092.4800000001,257.26,0.5,0.69,0.0174,0.02
GMKN,ema,1D,True,Bayesian_TPE,"{""sampler"":""TPESampler"",""seed"":42,""n_trials"":50,""direction"":""maximize"",""objective"":""composite = Sharpe * (Return% / MaxDD%)""}",4,8.909,"{""short_ema"":38,""long_ema"":192,""allowshort"":true}",2014-01-01,2024-12-31,2025-01-01,2026-04-20,2014-01-01,2026-04-20,8,8,4,4,50.0,1228537.33,-77133.3,500.38,,36.91,1962977.36,-135073.68000000002,460.56,0.71,0.96,0.0172,0.03,4,4,2,2,50.0,25915.62,-190357.2,105.75,,46.38,45267.879999999976,-224624.40000000008,-32.89,-0.62,-0.85,0.0197,-0.03,12,12,6,6,50.0,759997.16,-368215.83,373.17,,53.73,1962977.36,-1121451.2400000005,235.07,0.48,0.66,0.0176,0.02
GMKN,ema,1D,True,Bayesian_TPE,"{""sampler"":""TPESampler"",""seed"":42,""n_trials"":50,""direction"":""maximize"",""objective"":""composite = Sharpe * (Return% / MaxDD%)""}",5,8.862,"{""short_ema"":34,""long_ema"":183,""allowshort"":true}",2014-01-01,2024-12-31,2025-01-01,2026-04-20,2014-01-01,2026-04-20,12,12,5,7,41.67,986579.8,-87988.96,333.58,,34.05,1560700.8,-180367.19999999995,431.7,0.7,0.94,0.0171,0.04,4,4,1,3,25.0,33695.0,-102270.11,106.25,,37.58,33695.00000000008,-172947.12,-27.31,-0.49,-0.69,0.0192,-0.02,16,16,6,10,37.5,766038.41,-209418.77,279.88,,43.91,1560700.8,-833284.3200000001,250.2,0.5,0.68,0.0174,0.02
GMKN,rsi,1D,False,Bayesian_TPE,"{""sampler"":""TPESampler"",""seed"":42,""n_trials"":50,""direction"":""maximize"",""objective"":""composite = Sharpe * (Return% / MaxDD%)""}",1,5.071,"{""rsi_lower"":30,""rsi_upper"":58,""rsi_window"":20,""allowshort"":false}",2014-01-01,2024-12-31,2025-01-01,2026-04-20,2014-01-01,2026-04-20,110,7,7,0,100.0,177461.91,0.0,53.43,,16.78,449425.7599999999,77215.10999999987,124.22,0.69,0.41,0.0074,0.03,21,1,0,1,0.0,0.0,-39863.38,21.0,,7.48,-39863.379999999976,-39863.379999999976,-3.99,-0.54,-0.23,0.0028,-0.02,131,8,7,1,87.5,177461.91,-89382.72,49.38,,16.78,449425.7599999999,-89382.71999999994,115.29,0.6,0.35,0.007,0.03
GMKN,rsi,1D,False,Bayesian_TPE,"{""sampler"":""TPESampler"",""seed"":42,""n_trials"":50,""direction"":""maximize"",""objective"":""composite = Sharpe * (Return% / MaxDD%)""}",2,4.218,"{""rsi_lower"":22,""rsi_upper"":58,""rsi_window"":11,""allowshort"":false}",2014-01-01,2024-12-31,2025-01-01,2026-04-20,2014-01-01,2026-04-20,151,9,9,0,100.0,101191.81,0.0,29.11,,14.25,291755.3599999999,41295.10000000009,91.07,0.66,0.35,0.0061,0.03,24,2,0,2,0.0,0.0,-57846.4,54.0,,17.21,-48238.39999999995,-67454.40000000004,-11.57,-0.44,-0.36,0.0092,-0.02,175,11,9,2,81.82,101191.81,-110536.8,33.64,,17.21,291755.3599999999,-128897.60000000006,68.97,0.45,0.26,0.0066,0.02
GMKN,rsi,1D,False,Bayesian_TPE,"{""sampler"":""TPESampler"",""seed"":42,""n_trials"":50,""direction"":""maximize"",""objective"":""composite = Sharpe * (Return% / MaxDD%)""}",3,2.706,"{""rsi_lower"":29,""rsi_upper"":71,""rsi_window"":17,""allowshort"":false}",2014-01-01,2024-12-31,2025-01-01,2026-04-20,2014-01-01,2026-04-20,50,6,5,1,83.33,280812.04,-6185.28,159.0,,29.81,541457.2799999999,-6185.279999999868,139.79,0.58,0.42,0.0101,0.02,11,2,1,1,50.0,124903.0,-44838.52,74.5,,16.27,124903.00000000012,-44838.519999999975,8.01,0.35,0.35,0.0114,0.02,61,8,6,2,75.0,358270.03,-65746.01,144.12,,29.81,578788.7999999999,-125306.73999999992,201.81,0.61,0.47,0.0105,0.02
GMKN,rsi,1D,False,Bayesian_TPE,"{""sampler"":""TPESampler"",""seed"":42,""n_trials"":50,""direction"":""maximize"",""objective"":""composite = Sharpe * (Return% / MaxDD%)""}",4,2.615,"{""rsi_lower"":29,""rsi_upper"":69,""rsi_window"":16,""allowshort"":false}",2014-01-01,2024-12-31,2025-01-01,2026-04-20,2014-01-01,2026-04-20,72,8,6,2,75.0,238606.91,-33244.71,127.25,,29.81,503821.91999999987,-60202.379999999954,136.52,0.57,0.43,0.0101,0.02,14,2,1,1,50.0,93892.6,-43604.64,75.0,,16.27,93892.60000000003,-43604.63999999997,5.03,0.25,0.26,0.0115,0.02,86,10,8,2,80.0,221309.82,-58237.96,118.9,,29.81,503821.91999999987,-110188.87999999992,165.4,0.55,0.44,0.0104,0.02
GMKN,rsi,1D,False,Bayesian_TPE,"{""sampler"":""TPESampler"",""seed"":42,""n_trials"":50,""direction"":""maximize"",""objective"":""composite = Sharpe * (Return% / MaxDD%)""}",5,2.356,"{""rsi_lower"":31,""rsi_upper"":62,""rsi_window"":24,""allowshort"":false}",2014-01-01,2024-12-31,2025-01-01,2026-04-20,2014-01-01,2026-04-20,67,6,5,1,83.33,247079.81,-18190.5,121.67,,29.81,535962.36,-18190.5,121.72,0.58,0.39,0.0091,0.02,8,1,0,1,0.0,0.0,-7137.34,13.0,,4.33,-7137.340000000133,-7137.340000000133,-0.71,-0.12,-0.05,0.002,-0.01,75,7,5,2,71.43,262283.05,-17279.23,110.14,,29.81,535962.36,-18190.5,127.69,0.55,0.36,0.0086,0.02
GMKN,macd,1D,False,Bayesian_TPE,"{""sampler"":""TPESampler"",""seed"":42,""n_trials"":50,""direction"":""maximize"",""objective"":""composite = Sharpe * (Return% / MaxDD%)""}",1,1.512,"{""macd_fast"":5,""macd_slow"":21,""macd_signal"":5,""allowshort"":false}",2014-01-01,2024-12-31,2025-01-01,2026-04-20,2014-01-01,2026-04-20,383,192,77,115,40.1,84390.46,-46539.29,10.65,,33.96,328204.97999999986,-239215.49999999988,114.6,0.45,0.44,0.0127,0.02,62,31,13,18,41.94,33682.6,-26615.51,6.9,,24.68,90276.40000000004,-66854.60000000006,-4.12,-0.01,-0.01,0.0136,-0.0,445,223,90,133,40.36,81543.8,-47723.62,10.17,,33.96,328204.97999999986,-239215.49999999988,99.17,0.37,0.37,0.0128,0.01
GMKN,macd,1D,False,Bayesian_TPE,"{""sampler"":""TPESampler"",""seed"":42,""n_trials"":50,""direction"":""maximize"",""objective"":""composite = Sharpe * (Return% / MaxDD%)""}",2,1.383,"{""macd_fast"":5,""macd_slow"":20,""macd_signal"":6,""allowshort"":false}",2014-01-01,2024-12-31,2025-01-01,2026-04-20,2014-01-01,2026-04-20,365,183,74,109,40.44,83951.32,-47224.35,11.17,,33.26,330380.5199999999,-240913.99999999997,106.49,0.43,0.42,0.0126,0.02,50,25,10,15,40.0,34657.58,-24495.73,8.2,,18.28,84541.32000000004,-67927.64000000007,-2.09,0.04,0.05,0.0133,0.0,415,208,84,124,40.38,84953.43,-48088.58,10.93,,33.26,340754.68000000005,-240913.99999999997,117.31,0.41,0.4,0.0128,0.02
GMKN,macd,1D,False,Bayesian_TPE,"{""sampler"":""TPESampler"",""seed"":42,""n_trials"":50,""direction"":""maximize"",""objective"":""composite = Sharpe * (Return% / MaxDD%)""}",3,1.383,"{""macd_fast"":5,""macd_slow"":20,""macd_signal"":6,""allowshort"":false}",2014-01-01,2024-12-31,2025-01-01,2026-04-20,2014-01-01,2026-04-20,365,183,74,109,40.44,83951.32,-47224.35,11.17,,33.26,330380.5199999999,-240913.99999999997,106.49,0.43,0.42,0.0126,0.02,50,25,10,15,40.0,34657.58,-24495.73,8.2,,18.28,84541.32000000004,-67927.64000000007,-2.09,0.04,0.05,0.0133,0.0,415,208,84,124,40.38,84953.43,-48088.58,10.93,,33.26,340754.68000000005,-240913.99999999997,117.31,0.41,0.4,0.0128,0.02
GMKN,macd,1D,False,Bayesian_TPE,"{""sampler"":""TPESampler"",""seed"":42,""n_trials"":50,""direction"":""maximize"",""objective"":""composite = Sharpe * (Return% / MaxDD%)""}",4,1.17,"{""macd_fast"":5,""macd_slow"":24,""macd_signal"":6,""allowshort"":false}",2014-01-01,2024-12-31,2025-01-01,2026-04-20,2014-01-01,2026-04-20,349,175,70,105,40.0,82853.91,-45928.64,11.67,,34.51,333848.4599999999,-226830.79999999996,97.73,0.41,0.4,0.0126,0.02,42,21,9,12,42.86,35775.6,-21960.13,9.95,,14.29,109336.63999999984,-50016.260000000024,5.85,0.27,0.29,0.0134,0.03,391,196,79,117,40.31,83948.98,-46004.74,11.62,,34.51,333848.4599999999,-226830.79999999996,124.94,0.42,0.41,0.0128,0.02
GMKN,macd,1D,False,Bayesian_TPE,"{""sampler"":""TPESampler"",""seed"":42,""n_trials"":50,""direction"":""maximize"",""objective"":""composite = Sharpe * (Return% / MaxDD%)""}",5,1.071,"{""macd_fast"":5,""macd_slow"":25,""macd_signal"":6,""allowshort"":false}",2014-01-01,2024-12-31,2025-01-01,2026-04-20,2014-01-01,2026-04-20,349,175,69,106,39.43,83438.32,-45534.07,11.65,,34.92,332168.33999999985,-225200.79999999996,93.06,0.4,0.39,0.0126,0.01,44,22,9,13,40.91,39495.63,-18232.52,9.55,,14.29,121296.63999999998,-50427.52000000015,11.84,0.42,0.47,0.0138,0.04,393,197,78,119,39.59,85118.72,-44692.98,11.54,,34.92,332168.33999999985,-225200.79999999996,132.08,0.43,0.42,0.0128,0.02
GMKN,breakout_pivot,1D,False,Bayesian_TPE,"{""sampler"":""TPESampler"",""seed"":42,""n_trials"":50,""direction"":""maximize"",""objective"":""composite = Sharpe * (Return% / MaxDD%)""}",1,1.895,"{""lookback"":101,""pivot_window"":11,""min_touches"":4,""tolerance_atr_mult"":0.95,""cluster_atr_mult"":1.0,""confirmation_bars"":1,""cooldown_bars"":9,""allowshort"":false}",2014-01-01,2024-12-31,2025-01-01,2026-04-20,2014-01-01,2026-04-20,6,1,1,0,100.0,1487625.12,0.0,2787.0,,35.64,1487625.12,1487625.12,148.76,0.45,0.5,0.0161,0.02,0,0,0,0,0.0,0.0,0.0,0.0,,0.0,0.0,0.0,0.0,,,0.0,,6,1,1,0,100.0,1487625.12,0.0,2787.0,,35.64,1487625.12,1487625.12,148.76,0.42,0.43,0.015,0.02
GMKN,breakout_pivot,1D,True,Bayesian_TPE,"{""sampler"":""TPESampler"",""seed"":42,""n_trials"":50,""direction"":""maximize"",""objective"":""composite = Sharpe * (Return% / MaxDD%)""}",2,1.439,"{""lookback"":160,""pivot_window"":3,""min_touches"":4,""tolerance_atr_mult"":0.55,""cluster_atr_mult"":0.35,""confirmation_bars"":2,""cooldown_bars"":9,""allowshort"":true}",2014-01-01,2024-12-31,2025-01-01,2026-04-20,2014-01-01,2026-04-20,89,20,12,8,60.0,155980.96,-77312.09,106.65,,40.32,759326.4799999999,-234154.88,125.33,0.46,0.45,0.013,0.01,12,3,1,2,33.33,265328.94,-88068.67,119.33,,35.32,265328.9400000001,-108290.53999999994,8.92,0.32,0.46,0.0179,0.02,101,22,12,10,54.55,197553.04,-85516.48,113.86,,40.32,759326.4799999999,-234154.88,151.55,0.44,0.46,0.0138,0.02
GMKN,breakout_pivot,1D,True,Bayesian_TPE,"{""sampler"":""TPESampler"",""seed"":42,""n_trials"":50,""direction"":""maximize"",""objective"":""composite = Sharpe * (Return% / MaxDD%)""}",3,1.302,"{""lookback"":171,""pivot_window"":5,""min_touches"":4,""tolerance_atr_mult"":0.4,""cluster_atr_mult"":1.05,""confirmation_bars"":1,""cooldown_bars"":20,""allowshort"":true}",2014-01-01,2024-12-31,2025-01-01,2026-04-20,2014-01-01,2026-04-20,54,14,9,5,64.29,192606.39,-128127.88,146.64,,34.91,719692.5599999999,-202927.11999999985,109.28,0.42,0.39,0.0139,0.02,6,2,1,1,50.0,19862.64,-98852.0,202.5,,31.92,19862.639999999985,-98852.0,-7.9,-0.01,-0.02,0.0192,-0.0,60,16,10,6,62.5,177502.61,-141253.57,153.62,,40.15,719692.5599999999,-206882.0,92.75,0.34,0.35,0.0147,0.01
GMKN,breakout_pivot,1D,True,Bayesian_TPE,"{""sampler"":""TPESampler"",""seed"":42,""n_trials"":50,""direction"":""maximize"",""objective"":""composite = Sharpe * (Return% / MaxDD%)""}",4,1.218,"{""lookback"":184,""pivot_window"":5,""min_touches"":4,""tolerance_atr_mult"":0.4,""cluster_atr_mult"":0.55,""confirmation_bars"":2,""cooldown_bars"":11,""allowshort"":true}",2014-01-01,2024-12-31,2025-01-01,2026-04-20,2014-01-01,2026-04-20,49,9,5,4,55.56,205978.71,-22592.18,202.0,,31.56,603402.1599999999,-42930.04000000001,93.95,0.41,0.36,0.0123,0.02,2,1,1,0,100.0,151147.6,0.0,358.0,,22.96,151147.59999999992,151147.59999999992,15.11,0.46,0.64,0.0167,0.03,51,9,5,4,55.56,275900.6,-22592.18,254.78,,31.92,603402.1599999999,-42930.04000000001,128.91,0.41,0.42,0.0136,0.02
GMKN,breakout_pivot,1D,True,Bayesian_TPE,"{""sampler"":""TPESampler"",""seed"":42,""n_trials"":50,""direction"":""maximize"",""objective"":""composite = Sharpe * (Return% / MaxDD%)""}",5,1.197,"{""lookback"":160,""pivot_window"":4,""min_touches"":4,""tolerance_atr_mult"":0.55,""cluster_atr_mult"":0.4,""confirmation_bars"":2,""cooldown_bars"":9,""allowshort"":true}",2014-01-01,2024-12-31,2025-01-01,2026-04-20,2014-01-01,2026-04-20,63,12,6,6,50.0,325626.78,-119916.12,163.33,,47.24,845170.2399999999,-413972.7599999997,123.43,0.46,0.42,0.0131,0.01,6,1,1,0,100.0,310004.9,0.0,312.0,,16.27,310004.90000000014,310004.90000000014,31.0,0.76,0.99,0.0165,0.08,69,13,7,6,53.85,378057.11,-119916.12,174.77,,47.24,845170.2399999999,-413972.7599999997,192.69,0.5,0.49,0.0136,0.01
GMKN,breakout_ols,1D,True,Bayesian_TPE,"{""sampler"":""TPESampler"",""seed"":42,""n_trials"":50,""direction"":""maximize"",""objective"":""composite = Sharpe * (Return% / MaxDD%)""}",1,5.229,"{""lookback"":180,""pivot_window"":4,""min_touches"":2,""tolerance_atr_mult"":0.95,""cluster_atr_mult"":0.75,""confirmation_bars"":1,""cooldown_bars"":10,""allowshort"":true}",2014-01-01,2024-12-31,2025-01-01,2026-04-20,2014-01-01,2026-04-20,179,44,25,19,56.82,179605.21,-117745.98,44.77,,27.53,893528.9999999999,-498988.07999999984,225.3,0.64,0.61,0.0126,0.03,28,10,4,6,40.0,64134.76,-50520.68,31.2,,30.63,151738.43999999992,-160947.79999999996,-4.66,0.01,0.01,0.0157,0.0,207,53,28,25,52.83,191125.92,-129191.26,43.26,,36.07,893528.9999999999,-527050.9999999999,212.17,0.54,0.54,0.0131,0.02
GMKN,breakout_ols,1D,True,Bayesian_TPE,"{""sampler"":""TPESampler"",""seed"":42,""n_trials"":50,""direction"":""maximize"",""objective"":""composite = Sharpe * (Return% / MaxDD%)""}",2,4.961,"{""lookback"":182,""pivot_window"":4,""min_touches"":2,""tolerance_atr_mult"":1.1,""cluster_atr_mult"":0.75,""confirmation_bars"":1,""cooldown_bars"":11,""allowshort"":true}",2014-01-01,2024-12-31,2025-01-01,2026-04-20,2014-01-01,2026-04-20,175,44,24,20,54.55,183805.07,-112519.43,42.82,,27.53,873217.7999999999,-484875.83999999985,216.09,0.63,0.58,0.0124,0.03,27,10,4,6,40.0,62378.72,-54220.19,33.0,,33.86,147085.6799999999,-160947.79999999996,-7.58,-0.06,-0.08,0.0162,-0.0,202,53,27,26,50.94,193556.49,-126366.65,41.98,,39.05,873217.7999999999,-512136.59999999986,194.05,0.52,0.51,0.013,0.02
GMKN,breakout_ols,1D,True,Bayesian_TPE,"{""sampler"":""TPESampler"",""seed"":42,""n_trials"":50,""direction"":""maximize"",""objective"":""composite = Sharpe * (Return% / MaxDD%)""}",3,4.68,"{""lookback"":180,""pivot_window"":4,""min_touches"":2,""tolerance_atr_mult"":0.9000000000000001,""cluster_atr_mult"":0.75,""confirmation_bars"":1,""cooldown_bars"":8,""allowshort"":true}",2014-01-01,2024-12-31,2025-01-01,2026-04-20,2014-01-01,2026-04-20,191,46,25,21,54.35,170696.65,-104687.2,42.22,,27.19,739357.0,-470763.59999999986,206.9,0.62,0.58,0.0125,0.03,30,10,4,6,40.0,66591.63,-42017.02,33.3,,32.16,161409.3599999999,-160947.79999999996,1.43,0.16,0.22,0.0165,0.01,221,55,28,27,50.91,182517.78,-110269.13,41.56,,37.18,739357.0,-497242.7999999999,213.32,0.54,0.54,0.0132,0.02
GMKN,breakout_ols,1D,True,Bayesian_TPE,"{""sampler"":""TPESampler"",""seed"":42,""n_trials"":50,""direction"":""maximize"",""objective"":""composite = Sharpe * (Return% / MaxDD%)""}",4,2.767,"{""lookback"":161,""pivot_window"":5,""min_touches"":2,""tolerance_atr_mult"":1.1500000000000001,""cluster_atr_mult"":0.5,""confirmation_bars"":1,""cooldown_bars"":10,""allowshort"":true}",2014-01-01,2024-12-31,2025-01-01,2026-04-20,2014-01-01,2026-04-20,168,35,20,15,57.14,204271.86,-148371.14,57.74,,38.51,927544.8000000002,-463826.2000000002,185.99,0.57,0.55,0.0129,0.02,30,10,3,7,30.0,90575.87,-35637.08,30.8,,29.84,169946.17999999996,-94381.04,2.23,0.18,0.24,0.016,0.01,198,44,22,22,50.0,222112.34,-133804.89,53.18,,45.14,927544.8000000002,-463826.2000000002,194.28,0.51,0.52,0.0134,0.02
GMKN,breakout_ols,1D,True,Bayesian_TPE,"{""sampler"":""TPESampler"",""seed"":42,""n_trials"":50,""direction"":""maximize"",""objective"":""composite = Sharpe * (Return% / MaxDD%)""}",5,2.767,"{""lookback"":161,""pivot_window"":5,""min_touches"":2,""tolerance_atr_mult"":1.1500000000000001,""cluster_atr_mult"":0.5,""confirmation_bars"":1,""cooldown_bars"":10,""allowshort"":true}",2014-01-01,2024-12-31,2025-01-01,2026-04-20,2014-01-01,2026-04-20,168,35,20,15,57.14,204271.86,-148371.14,57.74,,38.51,927544.8000000002,-463826.2000000002,185.99,0.57,0.55,0.0129,0.02,30,10,3,7,30.0,90575.87,-35637.08,30.8,,29.84,169946.17999999996,-94381.04,2.23,0.18,0.24,0.016,0.01,198,44,22,22,50.0,222112.34,-133804.89,53.18,,45.14,927544.8000000002,-463826.2000000002,194.28,0.51,0.52,0.0134,0.02
GMKN,retest_pivot,1D,False,Bayesian_TPE,"{""sampler"":""TPESampler"",""seed"":42,""n_trials"":50,""direction"":""maximize"",""objective"":""composite = Sharpe * (Return% / MaxDD%)""}",1,3.045,"{""lookback"":101,""pivot_window"":3,""min_touches"":4,""tolerance_atr_mult"":0.3,""cluster_atr_mult"":0.4,""confirmation_bars"":2,""cooldown_bars"":5,""retest_window"":34,""cancel_atr_mult"":0.9,""allowshort"":false}",2014-01-01,2024-12-31,2025-01-01,2026-04-20,2014-01-01,2026-04-20,32,6,6,0,100.0,331758.08,0.0,369.83,,35.3,1026973.44,23996.830000000056,199.05,0.54,0.51,0.015,0.02,8,1,1,0,100.0,201886.4,0.0,468.0,,31.92,201886.3999999999,201886.3999999999,20.19,0.51,0.87,0.0203,0.03,40,7,7,0,100.0,370621.83,0.0,383.86,,35.3,1026973.44,23996.830000000056,259.44,0.53,0.56,0.0158,0.02
GMKN,retest_pivot,1D,True,Bayesian_TPE,"{""sampler"":""TPESampler"",""seed"":42,""n_trials"":50,""direction"":""maximize"",""objective"":""composite = Sharpe * (Return% / MaxDD%)""}",2,1.435,"{""lookback"":132,""pivot_window"":4,""min_touches"":5,""tolerance_atr_mult"":0.4,""cluster_atr_mult"":0.3,""confirmation_bars"":2,""cooldown_bars"":4,""retest_window"":36,""cancel_atr_mult"":1.0,""allowshort"":true}",2014-01-01,2024-12-31,2025-01-01,2026-04-20,2014-01-01,2026-04-20,10,1,1,0,100.0,1161830.19,0.0,2156.0,,35.3,1161830.19,1161830.19,116.18,0.44,0.41,0.0136,0.02,1,0,0,0,0.0,0.0,0.0,0.0,,0.0,0.0,0.0,0.0,,,0.0,,11,1,1,0,100.0,1161830.19,0.0,2156.0,,35.3,1161830.19,1161830.19,116.18,0.41,0.36,0.0126,0.01
GMKN,retest_pivot,1D,True,Bayesian_TPE,"{""sampler"":""TPESampler"",""seed"":42,""n_trials"":50,""direction"":""maximize"",""objective"":""composite = Sharpe * (Return% / MaxDD%)""}",3,1.396,"{""lookback"":245,""pivot_window"":7,""min_touches"":4,""tolerance_atr_mult"":0.55,""cluster_atr_mult"":0.8,""confirmation_bars"":3,""cooldown_bars"":10,""retest_window"":32,""cancel_atr_mult"":2.3,""allowshort"":true}",2014-01-01,2024-12-31,2025-01-01,2026-04-20,2014-01-01,2026-04-20,33,10,7,3,70.0,183930.42,-66358.4,170.9,,35.54,471350.8800000001,-84937.59999999999,108.84,0.46,0.39,0.0117,0.02,3,1,1,0,100.0,39339.84,0.0,395.0,,23.73,39339.839999999975,39339.839999999975,3.93,0.23,0.34,0.0184,0.02,36,11,8,3,72.73,171208.81,-66358.4,191.27,,36.44,471350.8800000001,-84937.59999999999,117.06,0.41,0.38,0.0128,0.01
GMKN,retest_pivot,1D,True,Bayesian_TPE,"{""sampler"":""TPESampler"",""seed"":42,""n_trials"":50,""direction"":""maximize"",""objective"":""composite = Sharpe * (Return% / MaxDD%)""}",4,1.34,"{""lookback"":121,""pivot_window"":3,""min_touches"":4,""tolerance_atr_mult"":0.55,""cluster_atr_mult"":0.75,""confirmation_bars"":3,""cooldown_bars"":7,""retest_window"":22,""cancel_atr_mult"":2.0,""allowshort"":true}",2014-01-01,2024-12-31,2025-01-01,2026-04-20,2014-01-01,2026-04-20,74,14,6,8,42.86,293807.31,-71430.93,162.64,,38.33,892447.72,-147696.80000000008,119.14,0.43,0.42,0.0142,0.02,6,1,1,0,100.0,383739.48,0.0,314.0,,16.27,383739.4799999998,383739.4799999998,38.37,0.89,1.16,0.0163,0.09,80,15,7,8,46.67,371972.65,-71430.93,172.73,,38.33,892447.72,-147696.80000000008,203.24,0.5,0.51,0.0145,0.02
GMKN,retest_pivot,1D,True,Bayesian_TPE,"{""sampler"":""TPESampler"",""seed"":42,""n_trials"":50,""direction"":""maximize"",""objective"":""composite = Sharpe * (Return% / MaxDD%)""}",5,1.222,"{""lookback"":251,""pivot_window"":4,""min_touches"":3,""tolerance_atr_mult"":0.5,""cluster_atr_mult"":0.9000000000000001,""confirmation_bars"":3,""cooldown_bars"":5,""retest_window"":29,""cancel_atr_mult"":2.2,""allowshort"":true}",2014-01-01,2024-12-31,2025-01-01,2026-04-20,2014-01-01,2026-04-20,85,20,12,8,60.0,146955.08,-91536.69,84.15,,38.15,535792.6599999999,-228809.88000000015,103.12,0.45,0.41,0.0113,0.01,11,2,1,1,50.0,208300.54,-202003.02,127.5,,29.01,208300.5399999999,-202003.02,0.63,0.14,0.16,0.0154,0.01,96,22,13,9,59.09,168197.72,-126958.13,88.09,,45.45,535792.6599999999,-410329.66,104.39,0.4,0.38,0.0119,0.01
GMKN,retest_ols,1D,True,Bayesian_TPE,"{""sampler"":""TPESampler"",""seed"":42,""n_trials"":50,""direction"":""maximize"",""objective"":""composite = Sharpe * (Return% / MaxDD%)""}",1,5.659,"{""lookback"":116,""pivot_window"":4,""min_touches"":3,""tolerance_atr_mult"":0.7,""cluster_atr_mult"":0.8500000000000001,""confirmation_bars"":3,""cooldown_bars"":4,""retest_window"":23,""cancel_atr_mult"":2.5,""allowshort"":true}",2014-01-01,2024-12-31,2025-01-01,2026-04-20,2014-01-01,2026-04-20,100,23,11,12,47.83,356085.8,-117887.09,91.52,,29.13,1054213.4400000004,-320855.69999999984,250.23,0.64,0.61,0.0138,0.03,11,3,1,2,33.33,163146.16,-49612.95,98.0,,25.38,163146.16,-62164.20000000002,6.39,0.27,0.35,0.0168,0.02,111,26,12,14,46.15,374027.91,-125870.13,92.27,,40.91,1054213.4400000004,-320855.69999999984,272.62,0.58,0.58,0.0142,0.02
GMKN,retest_ols,1D,True,Bayesian_TPE,"{""sampler"":""TPESampler"",""seed"":42,""n_trials"":50,""direction"":""maximize"",""objective"":""composite = Sharpe * (Return% / MaxDD%)""}",2,4.193,"{""lookback"":140,""pivot_window"":4,""min_touches"":2,""tolerance_atr_mult"":0.8,""cluster_atr_mult"":0.7,""confirmation_bars"":3,""cooldown_bars"":3,""retest_window"":26,""cancel_atr_mult"":1.1,""allowshort"":true}",2014-01-01,2024-12-31,2025-01-01,2026-04-20,2014-01-01,2026-04-20,121,25,14,11,56.0,256988.2,-120182.74,74.64,,32.46,957559.08,-435346.2000000003,227.58,0.6,0.53,0.0141,0.03,21,7,3,4,42.86,95329.53,-56073.8,51.29,,25.36,156613.10000000003,-130441.27999999996,6.17,0.27,0.37,0.0163,0.02,142,31,16,15,51.61,276989.7,-135922.43,71.9,,40.73,957559.08,-435346.2000000003,239.3,0.54,0.51,0.0144,0.02
GMKN,retest_ols,1D,True,Bayesian_TPE,"{""sampler"":""TPESampler"",""seed"":42,""n_trials"":50,""direction"":""maximize"",""objective"":""composite = Sharpe * (Return% / MaxDD%)""}",3,3.78,"{""lookback"":116,""pivot_window"":3,""min_touches"":4,""tolerance_atr_mult"":0.6000000000000001,""cluster_atr_mult"":0.9000000000000001,""confirmation_bars"":3,""cooldown_bars"":6,""retest_window"":22,""cancel_atr_mult"":2.5,""allowshort"":true}",2014-01-01,2024-12-31,2025-01-01,2026-04-20,2014-01-01,2026-04-20,103,25,12,13,48.0,232657.34,-81539.81,83.6,,25.61,830429.6400000001,-201114.9999999999,173.19,0.56,0.55,0.0127,0.03,15,5,3,2,60.0,52272.52,-110550.66,52.0,,25.38,135134.66000000003,-188160.42000000004,-6.43,-0.05,-0.06,0.0152,-0.0,118,30,15,15,50.0,214687.77,-110937.28,78.33,,38.33,830429.6400000001,-514047.02000000014,155.63,0.47,0.47,0.013,0.02
GMKN,retest_ols,1D,True,Bayesian_TPE,"{""sampler"":""TPESampler"",""seed"":42,""n_trials"":50,""direction"":""maximize"",""objective"":""composite = Sharpe * (Return% / MaxDD%)""}",4,2.935,"{""lookback"":140,""pivot_window"":4,""min_touches"":3,""tolerance_atr_mult"":0.8,""cluster_atr_mult"":0.8500000000000001,""confirmation_bars"":3,""cooldown_bars"":3,""retest_window"":26,""cancel_atr_mult"":1.0,""allowshort"":true}",2014-01-01,2024-12-31,2025-01-01,2026-04-20,2014-01-01,2026-04-20,110,23,13,10,56.52,192043.97,-89076.25,77.09,,31.38,574587.7599999999,-346306.00000000023,160.58,0.55,0.49,0.0126,0.02,15,5,3,2,60.0,96015.65,-24189.6,71.0,,26.5,193875.8,-43028.69999999995,23.97,0.61,0.89,0.0177,0.04,125,27,15,12,55.56,223494.77,-85065.84,79.44,,31.38,574587.7599999999,-346306.00000000023,233.16,0.57,0.55,0.0134,0.02
GMKN,retest_ols,1D,False,Bayesian_TPE,"{""sampler"":""TPESampler"",""seed"":42,""n_trials"":50,""direction"":""maximize"",""objective"":""composite = Sharpe * (Return% / MaxDD%)""}",5,2.851,"{""lookback"":189,""pivot_window"":4,""min_touches"":5,""tolerance_atr_mult"":0.3,""cluster_atr_mult"":0.3,""confirmation_bars"":2,""cooldown_bars"":8,""retest_window"":31,""cancel_atr_mult"":2.5,""allowshort"":false}",2014-01-01,2024-12-31,2025-01-01,2026-04-20,2014-01-01,2026-04-20,69,11,6,5,54.55,364806.82,-110286.42,112.64,,31.99,693687.54,-206065.3000000001,163.74,0.56,0.39,0.0121,0.02,5,2,1,1,50.0,152562.0,-191394.88,144.5,,22.96,152561.9999999999,-191394.88000000012,-3.88,0.01,0.01,0.0146,0.0,74,12,7,5,58.33,350051.39,-110286.42,133.83,,31.99,693687.54,-206065.3000000001,189.89,0.52,0.42,0.0129,0.02
GMKN,obv,1D,False,Bayesian_TPE,"{""sampler"":""TPESampler"",""seed"":42,""n_trials"":50,""direction"":""maximize"",""objective"":""composite = Sharpe * (Return% / MaxDD%)""}",1,7.329,"{""obv_ema_window"":5,""confirmation_bars"":1,""allowshort"":false}",2014-01-01,2024-12-31,2025-01-01,2026-04-20,2014-01-01,2026-04-20,864,432,156,276,36.11,87411.07,-36613.16,4.74,,35.89,600364.6599999999,-639117.5,353.09,0.75,0.78,0.0137,0.03,142,71,18,53,25.35,26604.2,-14726.96,3.15,,39.81,89315.66000000008,-47560.92000000005,-30.17,-1.0,-1.08,0.0125,-0.03,1006,503,174,329,34.59,89605.48,-41120.35,4.53,,44.5,600364.6599999999,-639117.5,206.28,0.52,0.55,0.0135,0.02
GMKN,obv,1D,False,Bayesian_TPE,"{""sampler"":""TPESampler"",""seed"":42,""n_trials"":50,""direction"":""maximize"",""objective"":""composite = Sharpe * (Return% / MaxDD%)""}",2,2.801,"{""obv_ema_window"":23,""confirmation_bars"":1,""allowshort"":false}",2014-01-01,2024-12-31,2025-01-01,2026-04-20,2014-01-01,2026-04-20,356,178,56,122,31.46,105485.27,-34378.36,11.71,,33.58,868197.6000000003,-217431.9599999998,171.3,0.55,0.56,0.0129,0.02,52,26,9,17,34.62,55918.03,-21466.52,8.5,,21.8,197362.43999999997,-57915.60000000006,13.83,0.47,0.54,0.0138,0.03,408,204,65,139,31.86,114036.61,-37541.2,11.44,,35.51,868197.6000000003,-217431.9599999998,219.42,0.55,0.57,0.0131,0.02
GMKN,obv,1D,False,Bayesian_TPE,"{""sampler"":""TPESampler"",""seed"":42,""n_trials"":50,""direction"":""maximize"",""objective"":""composite = Sharpe * (Return% / MaxDD%)""}",3,2.461,"{""obv_ema_window"":22,""confirmation_bars"":1,""allowshort"":false}",2014-01-01,2024-12-31,2025-01-01,2026-04-20,2014-01-01,2026-04-20,380,190,62,128,32.63,91938.93,-32678.4,10.92,,31.88,783016.2000000003,-201751.5599999998,151.74,0.52,0.53,0.0128,0.02,52,26,9,17,34.62,55918.03,-21466.52,8.5,,21.8,197362.43999999997,-57915.60000000006,13.83,0.47,0.54,0.0138,0.03,432,216,71,145,32.87,99956.18,-35400.3,10.75,,34.66,783016.2000000003,-201751.5599999998,196.38,0.52,0.54,0.013,0.02
GMKN,obv,1D,False,Bayesian_TPE,"{""sampler"":""TPESampler"",""seed"":42,""n_trials"":50,""direction"":""maximize"",""objective"":""composite = Sharpe * (Return% / MaxDD%)""}",4,2.461,"{""obv_ema_window"":22,""confirmation_bars"":1,""allowshort"":false}",2014-01-01,2024-12-31,2025-01-01,2026-04-20,2014-01-01,2026-04-20,380,190,62,128,32.63,91938.93,-32678.4,10.92,,31.88,783016.2000000003,-201751.5599999998,151.74,0.52,0.53,0.0128,0.02,52,26,9,17,34.62,55918.03,-21466.52,8.5,,21.8,197362.43999999997,-57915.60000000006,13.83,0.47,0.54,0.0138,0.03,432,216,71,145,32.87,99956.18,-35400.3,10.75,,34.66,783016.2000000003,-201751.5599999998,196.38,0.52,0.54,0.013,0.02
GMKN,obv,1D,False,Bayesian_TPE,"{""sampler"":""TPESampler"",""seed"":42,""n_trials"":50,""direction"":""maximize"",""objective"":""composite = Sharpe * (Return% / MaxDD%)""}",5,2.461,"{""obv_ema_window"":22,""confirmation_bars"":1,""allowshort"":false}",2014-01-01,2024-12-31,2025-01-01,2026-04-20,2014-01-01,2026-04-20,380,190,62,128,32.63,91938.93,-32678.4,10.92,,31.88,783016.2000000003,-201751.5599999998,151.74,0.52,0.53,0.0128,0.02,52,26,9,17,34.62,55918.03,-21466.52,8.5,,21.8,197362.43999999997,-57915.60000000006,13.83,0.47,0.54,0.0138,0.03,432,216,71,145,32.87,99956.18,-35400.3,10.75,,34.66,783016.2000000003,-201751.5599999998,196.38,0.52,0.54,0.013,0.02
GMKN,vwap,1D,False,Bayesian_TPE,"{""sampler"":""TPESampler"",""seed"":42,""n_trials"":50,""direction"":""maximize"",""objective"":""composite = Sharpe * (Return% / MaxDD%)""}",1,0.495,"{""vwap_window"":60,""vwap_tol"":0.007,""vwap_mode"":""yearly"",""allowshort"":false}",2014-01-01,2024-12-31,2025-01-01,2026-04-20,2014-01-01,2026-04-20,167,48,9,39,18.75,299184.24,-53861.42,42.65,,37.58,668767.3600000001,-140482.3200000001,59.21,0.31,0.3,0.0125,0.01,33,11,4,7,36.36,65792.01,-28418.21,22.18,,25.96,175522.40000000008,-42404.63999999997,6.42,0.28,0.32,0.0141,0.02,200,59,13,46,22.03,239358.24,-52550.22,38.83,,37.58,668767.3600000001,-140482.3200000001,69.43,0.31,0.31,0.0127,0.01
GMKN,vwap,1D,False,Bayesian_TPE,"{""sampler"":""TPESampler"",""seed"":42,""n_trials"":50,""direction"":""maximize"",""objective"":""composite = Sharpe * (Return% / MaxDD%)""}",2,0.495,"{""vwap_window"":111,""vwap_tol"":0.007,""vwap_mode"":""yearly"",""allowshort"":false}",2014-01-01,2024-12-31,2025-01-01,2026-04-20,2014-01-01,2026-04-20,167,48,9,39,18.75,299184.24,-53861.42,42.65,,37.58,668767.3600000001,-140482.3200000001,59.21,0.31,0.3,0.0125,0.01,33,11,4,7,36.36,65792.01,-28418.21,22.18,,25.96,175522.40000000008,-42404.63999999997,6.42,0.28,0.32,0.0141,0.02,200,59,13,46,22.03,239358.24,-52550.22,38.83,,37.58,668767.3600000001,-140482.3200000001,69.43,0.31,0.31,0.0127,0.01
GMKN,vwap,1D,False,Bayesian_TPE,"{""sampler"":""TPESampler"",""seed"":42,""n_trials"":50,""direction"":""maximize"",""objective"":""composite = Sharpe * (Return% / MaxDD%)""}",3,0.495,"{""vwap_window"":135,""vwap_tol"":0.007,""vwap_mode"":""yearly"",""allowshort"":false}",2014-01-01,2024-12-31,2025-01-01,2026-04-20,2014-01-01,2026-04-20,167,48,9,39,18.75,299184.24,-53861.42,42.65,,37.58,668767.3600000001,-140482.3200000001,59.21,0.31,0.3,0.0125,0.01,33,11,4,7,36.36,65792.01,-28418.21,22.18,,25.96,175522.40000000008,-42404.63999999997,6.42,0.28,0.32,0.0141,0.02,200,59,13,46,22.03,239358.24,-52550.22,38.83,,37.58,668767.3600000001,-140482.3200000001,69.43,0.31,0.31,0.0127,0.01
GMKN,vwap,1D,False,Bayesian_TPE,"{""sampler"":""TPESampler"",""seed"":42,""n_trials"":50,""direction"":""maximize"",""objective"":""composite = Sharpe * (Return% / MaxDD%)""}",4,0.495,"{""vwap_window"":118,""vwap_tol"":0.007,""vwap_mode"":""yearly"",""allowshort"":false}",2014-01-01,2024-12-31,2025-01-01,2026-04-20,2014-01-01,2026-04-20,167,48,9,39,18.75,299184.24,-53861.42,42.65,,37.58,668767.3600000001,-140482.3200000001,59.21,0.31,0.3,0.0125,0.01,33,11,4,7,36.36,65792.01,-28418.21,22.18,,25.96,175522.40000000008,-42404.63999999997,6.42,0.28,0.32,0.0141,0.02,200,59,13,46,22.03,239358.24,-52550.22,38.83,,37.58,668767.3600000001,-140482.3200000001,69.43,0.31,0.31,0.0127,0.01
GMKN,vwap,1D,False,Bayesian_TPE,"{""sampler"":""TPESampler"",""seed"":42,""n_trials"":50,""direction"":""maximize"",""objective"":""composite = Sharpe * (Return% / MaxDD%)""}",5,0.495,"{""vwap_window"":117,""vwap_tol"":0.007,""vwap_mode"":""yearly"",""allowshort"":false}",2014-01-01,2024-12-31,2025-01-01,2026-04-20,2014-01-01,2026-04-20,167,48,9,39,18.75,299184.24,-53861.42,42.65,,37.58,668767.3600000001,-140482.3200000001,59.21,0.31,0.3,0.0125,0.01,33,11,4,7,36.36,65792.01,-28418.21,22.18,,25.96,175522.40000000008,-42404.63999999997,6.42,0.28,0.32,0.0141,0.02,200,59,13,46,22.03,239358.24,-52550.22,38.83,,37.58,668767.3600000001,-140482.3200000001,69.43,0.31,0.31,0.0127,0.01
GMKN,engulfing,1D,False,Bayesian_TPE,"{""sampler"":""TPESampler"",""seed"":42,""n_trials"":50,""direction"":""maximize"",""objective"":""composite = Sharpe * (Return% / MaxDD%)""}",1,0.643,"{""doji_tol"":0.13,""wick_body_ratio"":2.4,""allowshort"":false}",2014-01-01,2024-12-31,2025-01-01,2026-04-20,2014-01-01,2026-04-20,287,75,36,39,48.0,88613.72,-61746.44,19.4,,50.82,455437.32000000007,-418774.72,78.2,0.42,0.38,0.0098,0.01,53,13,5,8,38.46,31326.47,-25704.41,9.0,,18.53,49099.78000000001,-72666.71999999988,-4.9,-0.14,-0.12,0.009,-0.01,340,88,41,47,46.59,83387.74,-58842.86,17.91,,50.82,455437.32000000007,-418774.72,65.33,0.34,0.3,0.0097,0.01
GMKN,engulfing,1D,False,Bayesian_TPE,"{""sampler"":""TPESampler"",""seed"":42,""n_trials"":50,""direction"":""maximize"",""objective"":""composite = Sharpe * (Return% / MaxDD%)""}",2,0.643,"{""doji_tol"":0.12,""wick_body_ratio"":3.5,""allowshort"":false}",2014-01-01,2024-12-31,2025-01-01,2026-04-20,2014-01-01,2026-04-20,287,75,36,39,48.0,88613.72,-61746.44,19.4,,50.82,455437.32000000007,-418774.72,78.2,0.42,0.38,0.0098,0.01,53,13,5,8,38.46,31326.47,-25704.41,9.0,,18.53,49099.78000000001,-72666.71999999988,-4.9,-0.14,-0.12,0.009,-0.01,340,88,41,47,46.59,83387.74,-58842.86,17.91,,50.82,455437.32000000007,-418774.72,65.33,0.34,0.3,0.0097,0.01
GMKN,engulfing,1D,False,Bayesian_TPE,"{""sampler"":""TPESampler"",""seed"":42,""n_trials"":50,""direction"":""maximize"",""objective"":""composite = Sharpe * (Return% / MaxDD%)""}",3,0.643,"{""doji_tol"":0.18,""wick_body_ratio"":1.5,""allowshort"":false}",2014-01-01,2024-12-31,2025-01-01,2026-04-20,2014-01-01,2026-04-20,287,75,36,39,48.0,88613.72,-61746.44,19.4,,50.82,455437.32000000007,-418774.72,78.2,0.42,0.38,0.0098,0.01,53,13,5,8,38.46,31326.47,-25704.41,9.0,,18.53,49099.78000000001,-72666.71999999988,-4.9,-0.14,-0.12,0.009,-0.01,340,88,41,47,46.59,83387.74,-58842.86,17.91,,50.82,455437.32000000007,-418774.72,65.33,0.34,0.3,0.0097,0.01
GMKN,engulfing,1D,False,Bayesian_TPE,"{""sampler"":""TPESampler"",""seed"":42,""n_trials"":50,""direction"":""maximize"",""objective"":""composite = Sharpe * (Return% / MaxDD%)""}",4,0.643,"{""doji_tol"":0.14,""wick_body_ratio"":1.9,""allowshort"":false}",2014-01-01,2024-12-31,2025-01-01,2026-04-20,2014-01-01,2026-04-20,287,75,36,39,48.0,88613.72,-61746.44,19.4,,50.82,455437.32000000007,-418774.72,78.2,0.42,0.38,0.0098,0.01,53,13,5,8,38.46,31326.47,-25704.41,9.0,,18.53,49099.78000000001,-72666.71999999988,-4.9,-0.14,-0.12,0.009,-0.01,340,88,41,47,46.59,83387.74,-58842.86,17.91,,50.82,455437.32000000007,-418774.72,65.33,0.34,0.3,0.0097,0.01
GMKN,engulfing,1D,False,Bayesian_TPE,"{""sampler"":""TPESampler"",""seed"":42,""n_trials"":50,""direction"":""maximize"",""objective"":""composite = Sharpe * (Return% / MaxDD%)""}",5,0.643,"{""doji_tol"":0.16,""wick_body_ratio"":1.7,""allowshort"":false}",2014-01-01,2024-12-31,2025-01-01,2026-04-20,2014-01-01,2026-04-20,287,75,36,39,48.0,88613.72,-61746.44,19.4,,50.82,455437.32000000007,-418774.72,78.2,0.42,0.38,0.0098,0.01,53,13,5,8,38.46,31326.47,-25704.41,9.0,,18.53,49099.78000000001,-72666.71999999988,-4.9,-0.14,-0.12,0.009,-0.01,340,88,41,47,46.59,83387.74,-58842.86,17.91,,50.82,455437.32000000007,-418774.72,65.33,0.34,0.3,0.0097,0.01
GMKN,hammerdoji,1D,True,Bayesian_TPE,"{""sampler"":""TPESampler"",""seed"":42,""n_trials"":50,""direction"":""maximize"",""objective"":""composite = Sharpe * (Return% / MaxDD%)""}",1,13.083,"{""doji_tol"":0.13,""wick_body_ratio"":3.4000000000000004,""allowshort"":true}",2014-01-01,2024-12-31,2025-01-01,2026-04-20,2014-01-01,2026-04-20,425,224,135,87,60.27,153752.98,-166137.98,17.79,,36.42,1370811.9599999995,-1333964.52,630.26,0.76,1.14,0.0189,0.04,53,24,12,12,50.0,35509.15,-57343.85,19.12,,30.34,72284.95999999999,-164710.55999999982,-26.2,-0.39,-0.6,0.021,-0.03,478,248,147,99,59.27,164799.93,-198501.98,17.99,,39.29,1370811.9599999995,-1333964.52,457.39,0.6,0.91,0.0192,0.03
GMKN,hammerdoji,1D,True,Bayesian_TPE,"{""sampler"":""TPESampler"",""seed"":42,""n_trials"":50,""direction"":""maximize"",""objective"":""composite = Sharpe * (Return% / MaxDD%)""}",2,10.725,"{""doji_tol"":0.13,""wick_body_ratio"":3.1,""allowshort"":true}",2014-01-01,2024-12-31,2025-01-01,2026-04-20,2014-01-01,2026-04-20,443,234,140,92,59.83,138971.79,-152703.71,17.03,,36.1,1196737.9199999997,-1164588.6,540.73,0.72,1.06,0.0189,0.04,53,24,12,12,50.0,35509.15,-57343.85,19.12,,30.34,72284.95999999999,-164710.55999999982,-26.2,-0.39,-0.6,0.021,-0.03,496,258,152,104,58.91,148024.21,-178934.25,17.29,,38.98,1196737.9199999997,-1164588.6,389.05,0.57,0.84,0.0192,0.03
GMKN,hammerdoji,1D,True,Bayesian_TPE,"{""sampler"":""TPESampler"",""seed"":42,""n_trials"":50,""direction"":""maximize"",""objective"":""composite = Sharpe * (Return% / MaxDD%)""}",3,9.533,"{""doji_tol"":0.14,""wick_body_ratio"":3.2,""allowshort"":true}",2014-01-01,2024-12-31,2025-01-01,2026-04-20,2014-01-01,2026-04-20,464,248,148,98,59.68,130413.78,-147621.91,16.07,,34.84,874808.6399999998,-1080727.2,483.43,0.69,1.02,0.0189,0.04,61,28,14,14,50.0,26965.7,-49126.44,16.39,,35.16,65263.35999999999,-149538.47999999998,-31.03,-0.5,-0.74,0.0212,-0.03,525,276,162,112,58.7,134440.92,-166226.96,16.16,,42.7,874808.6399999998,-1080727.2,316.2,0.52,0.77,0.0193,0.02
GMKN,hammerdoji,1D,True,Bayesian_TPE,"{""sampler"":""TPESampler"",""seed"":42,""n_trials"":50,""direction"":""maximize"",""objective"":""composite = Sharpe * (Return% / MaxDD%)""}",4,8.204,"{""doji_tol"":0.1,""wick_body_ratio"":2.9000000000000004,""allowshort"":true}",2014-01-01,2024-12-31,2025-01-01,2026-04-20,2014-01-01,2026-04-20,392,202,118,81,58.42,115136.45,-116886.55,19.73,,32.43,948880.2400000006,-816400.2,411.83,0.65,0.93,0.019,0.04,41,15,8,7,53.33,59179.32,-74494.29,30.2,,27.32,161307.20000000007,-212462.07999999975,-4.8,0.07,0.11,0.0205,0.01,433,216,126,87,58.33,129594.33,-138784.14,20.65,,32.43,948880.2400000006,-1172808.7999999989,425.47,0.58,0.86,0.0193,0.03
GMKN,hammerdoji,1D,True,Bayesian_TPE,"{""sampler"":""TPESampler"",""seed"":42,""n_trials"":50,""direction"":""maximize"",""objective"":""composite = Sharpe * (Return% / MaxDD%)""}",5,8.204,"{""doji_tol"":0.1,""wick_body_ratio"":2.9000000000000004,""allowshort"":true}",2014-01-01,2024-12-31,2025-01-01,2026-04-20,2014-01-01,2026-04-20,392,202,118,81,58.42,115136.45,-116886.55,19.73,,32.43,948880.2400000006,-816400.2,411.83,0.65,0.93,0.019,0.04,41,15,8,7,53.33,59179.32,-74494.29,30.2,,27.32,161307.20000000007,-212462.07999999975,-4.8,0.07,0.11,0.0205,0.01,433,216,126,87,58.33,129594.33,-138784.14,20.65,,32.43,948880.2400000006,-1172808.7999999989,425.47,0.58,0.86,0.0193,0.03
GMKN,harami,1D,False,Bayesian_TPE,"{""sampler"":""TPESampler"",""seed"":42,""n_trials"":50,""direction"":""maximize"",""objective"":""composite = Sharpe * (Return% / MaxDD%)""}",1,0.38,"{""doji_tol"":0.13,""wick_body_ratio"":2.4,""allowshort"":false}",2014-01-01,2024-12-31,2025-01-01,2026-04-20,2014-01-01,2026-04-20,35,9,5,4,55.56,226193.24,-144165.01,164.11,,42.9,552728.5199999999,-207740.0,55.43,0.29,0.24,0.0138,0.01,7,2,2,0,100.0,95181.63,0.0,166.5,,25.37,187924.53999999992,2438.7200000001644,19.04,0.52,0.71,0.0178,0.04,42,10,7,3,70.0,219387.5,-144671.95,188.5,,42.9,552728.5199999999,-207740.0,110.17,0.37,0.35,0.0147,0.01
GMKN,harami,1D,False,Bayesian_TPE,"{""sampler"":""TPESampler"",""seed"":42,""n_trials"":50,""direction"":""maximize"",""objective"":""composite = Sharpe * (Return% / MaxDD%)""}",2,0.38,"{""doji_tol"":0.12,""wick_body_ratio"":3.5,""allowshort"":false}",2014-01-01,2024-12-31,2025-01-01,2026-04-20,2014-01-01,2026-04-20,35,9,5,4,55.56,226193.24,-144165.01,164.11,,42.9,552728.5199999999,-207740.0,55.43,0.29,0.24,0.0138,0.01,7,2,2,0,100.0,95181.63,0.0,166.5,,25.37,187924.53999999992,2438.7200000001644,19.04,0.52,0.71,0.0178,0.04,42,10,7,3,70.0,219387.5,-144671.95,188.5,,42.9,552728.5199999999,-207740.0,110.17,0.37,0.35,0.0147,0.01
GMKN,harami,1D,False,Bayesian_TPE,"{""sampler"":""TPESampler"",""seed"":42,""n_trials"":50,""direction"":""maximize"",""objective"":""composite = Sharpe * (Return% / MaxDD%)""}",3,0.38,"{""doji_tol"":0.18,""wick_body_ratio"":1.5,""allowshort"":false}",2014-01-01,2024-12-31,2025-01-01,2026-04-20,2014-01-01,2026-04-20,35,9,5,4,55.56,226193.24,-144165.01,164.11,,42.9,552728.5199999999,-207740.0,55.43,0.29,0.24,0.0138,0.01,7,2,2,0,100.0,95181.63,0.0,166.5,,25.37,187924.53999999992,2438.7200000001644,19.04,0.52,0.71,0.0178,0.04,42,10,7,3,70.0,219387.5,-144671.95,188.5,,42.9,552728.5199999999,-207740.0,110.17,0.37,0.35,0.0147,0.01
GMKN,harami,1D,False,Bayesian_TPE,"{""sampler"":""TPESampler"",""seed"":42,""n_trials"":50,""direction"":""maximize"",""objective"":""composite = Sharpe * (Return% / MaxDD%)""}",4,0.38,"{""doji_tol"":0.14,""wick_body_ratio"":1.9,""allowshort"":false}",2014-01-01,2024-12-31,2025-01-01,2026-04-20,2014-01-01,2026-04-20,35,9,5,4,55.56,226193.24,-144165.01,164.11,,42.9,552728.5199999999,-207740.0,55.43,0.29,0.24,0.0138,0.01,7,2,2,0,100.0,95181.63,0.0,166.5,,25.37,187924.53999999992,2438.7200000001644,19.04,0.52,0.71,0.0178,0.04,42,10,7,3,70.0,219387.5,-144671.95,188.5,,42.9,552728.5199999999,-207740.0,110.17,0.37,0.35,0.0147,0.01
GMKN,harami,1D,False,Bayesian_TPE,"{""sampler"":""TPESampler"",""seed"":42,""n_trials"":50,""direction"":""maximize"",""objective"":""composite = Sharpe * (Return% / MaxDD%)""}",5,0.38,"{""doji_tol"":0.16,""wick_body_ratio"":1.7,""allowshort"":false}",2014-01-01,2024-12-31,2025-01-01,2026-04-20,2014-01-01,2026-04-20,35,9,5,4,55.56,226193.24,-144165.01,164.11,,42.9,552728.5199999999,-207740.0,55.43,0.29,0.24,0.0138,0.01,7,2,2,0,100.0,95181.63,0.0,166.5,,25.37,187924.53999999992,2438.7200000001644,19.04,0.52,0.71,0.0178,0.04,42,10,7,3,70.0,219387.5,-144671.95,188.5,,42.9,552728.5199999999,-207740.0,110.17,0.37,0.35,0.0147,0.01
GMKN,candle_ensemble,1D,True,Bayesian_TPE,"{""sampler"":""TPESampler"",""seed"":42,""n_trials"":50,""direction"":""maximize"",""objective"":""composite = Sharpe * (Return% / MaxDD%)""}",1,4.129,"{""ensemble_window"":10,""min_votes"":3,""doji_tol"":0.11,""wick_body_ratio"":2.0,""allowshort"":true}",2014-01-01,2024-12-31,2025-01-01,2026-04-20,2014-01-01,2026-04-20,200,102,58,43,56.86,194594.53,-175370.17,39.05,,56.7,1108547.16,-984352.3200000002,374.56,0.63,0.91,0.0188,0.02,19,17,6,11,35.29,36183.76,-52485.21,23.29,,42.8,72832.5000000001,-174095.9999999999,-36.02,-0.74,-1.15,0.0193,-0.03,219,118,64,53,54.24,195910.68,-189954.35,37.78,,57.95,1108547.16,-984352.3200000002,247.07,0.48,0.71,0.0192,0.02
GMKN,candle_ensemble,1D,True,Bayesian_TPE,"{""sampler"":""TPESampler"",""seed"":42,""n_trials"":50,""direction"":""maximize"",""objective"":""composite = Sharpe * (Return% / MaxDD%)""}",2,3.92,"{""ensemble_window"":10,""min_votes"":3,""doji_tol"":0.09,""wick_body_ratio"":2.0,""allowshort"":true}",2014-01-01,2024-12-31,2025-01-01,2026-04-20,2014-01-01,2026-04-20,185,92,51,41,55.43,148181.37,-111051.72,43.29,,44.37,784987.2999999998,-726621.1200000001,300.41,0.58,0.87,0.0185,0.02,17,15,7,8,46.67,43382.51,-68944.62,26.4,,41.49,88178.94000000008,-189848.9599999999,-24.79,-0.42,-0.64,0.0193,-0.02,202,106,58,48,54.72,155341.46,-136813.13,42.06,,44.37,784987.2999999998,-869051.5199999996,244.28,0.48,0.73,0.0188,0.02
GMKN,candle_ensemble,1D,False,Bayesian_TPE,"{""sampler"":""TPESampler"",""seed"":42,""n_trials"":50,""direction"":""maximize"",""objective"":""composite = Sharpe * (Return% / MaxDD%)""}",3,3.529,"{""ensemble_window"":10,""min_votes"":3,""doji_tol"":0.09,""wick_body_ratio"":2.2,""allowshort"":false}",2014-01-01,2024-12-31,2025-01-01,2026-04-20,2014-01-01,2026-04-20,170,37,23,14,62.16,169311.6,-97852.11,52.14,,47.71,808968.72,-592682.7399999999,252.42,0.67,0.7,0.0128,0.02,15,7,3,4,42.86,34545.31,-47318.55,23.57,,19.64,70558.30000000009,-111626.01999999996,-8.56,-0.14,-0.17,0.0138,-0.01,185,43,26,17,60.47,167947.42,-98986.7,50.53,,47.71,808968.72,-592682.7399999999,268.39,0.6,0.65,0.0133,0.02
GMKN,candle_ensemble,1D,False,Bayesian_TPE,"{""sampler"":""TPESampler"",""seed"":42,""n_trials"":50,""direction"":""maximize"",""objective"":""composite = Sharpe * (Return% / MaxDD%)""}",4,3.054,"{""ensemble_window"":10,""min_votes"":3,""doji_tol"":0.09,""wick_body_ratio"":2.1,""allowshort"":false}",2014-01-01,2024-12-31,2025-01-01,2026-04-20,2014-01-01,2026-04-20,175,38,23,15,60.53,168816.58,-100460.21,51.97,,49.86,808124.52,-728128.3200000002,237.59,0.64,0.68,0.013,0.02,16,7,3,4,42.86,34545.31,-47318.55,23.57,,19.64,70558.30000000009,-111626.01999999996,-8.56,-0.14,-0.17,0.0138,-0.01,191,44,26,18,59.09,166744.52,-100365.15,50.43,,49.86,808124.52,-728128.3200000002,252.88,0.57,0.63,0.0135,0.02
GMKN,candle_ensemble,1D,False,Bayesian_TPE,"{""sampler"":""TPESampler"",""seed"":42,""n_trials"":50,""direction"":""maximize"",""objective"":""composite = Sharpe * (Return% / MaxDD%)""}",5,3.054,"{""ensemble_window"":10,""min_votes"":3,""doji_tol"":0.09,""wick_body_ratio"":2.1,""allowshort"":false}",2014-01-01,2024-12-31,2025-01-01,2026-04-20,2014-01-01,2026-04-20,175,38,23,15,60.53,168816.58,-100460.21,51.97,,49.86,808124.52,-728128.3200000002,237.59,0.64,0.68,0.013,0.02,16,7,3,4,42.86,34545.31,-47318.55,23.57,,19.64,70558.30000000009,-111626.01999999996,-8.56,-0.14,-0.17,0.0138,-0.01,191,44,26,18,59.09,166744.52,-100365.15,50.43,,49.86,808124.52,-728128.3200000002,252.88,0.57,0.63,0.0135,0.02
VKCO,ema,1h,True,Bayesian_TPE,"{""sampler"":""TPESampler"",""seed"":42,""n_trials"":50,""direction"":""maximize"",""objective"":""composite = Sharpe * (Return% / MaxDD%)""}",1,3.515,"{""short_ema"":71,""long_ema"":187,""allowshort"":true}",2014-01-01,2024-12-31,2025-01-01,2026-04-20,2014-01-01,2026-04-20,42,42,16,26,38.1,299473.77,-70288.05,26.25,630.02,30.27,700963.2000000001,-237540.0,296.41,0.92,1.11,0.0068,0.02,37,37,12,25,32.43,48480.17,-25886.28,11.89,285.38,31.36,147545.4999999999,-67964.80000000003,-6.54,0.01,0.01,0.0048,0.0,79,79,28,51,35.44,260738.76,-87768.18,19.97,479.19,33.89,700963.2000000001,-278210.8000000001,282.45,0.64,0.78,0.0062,0.01
VKCO,ema,1h,True,Bayesian_TPE,"{""sampler"":""TPESampler"",""seed"":42,""n_trials"":50,""direction"":""maximize"",""objective"":""composite = Sharpe * (Return% / MaxDD%)""}",2,3.255,"{""short_ema"":11,""long_ema"":186,""allowshort"":true}",2014-01-01,2024-12-31,2025-01-01,2026-04-20,2014-01-01,2026-04-20,112,112,30,82,26.79,238889.27,-40425.12,9.85,236.46,43.79,669300.0,-165659.0,385.18,0.94,1.1,0.0077,0.02,72,72,18,53,25.0,50305.9,-14233.72,6.15,147.62,32.71,180306.00000000006,-56846.5,15.11,0.27,0.36,0.0048,0.0,184,184,48,135,26.09,255139.13,-53682.87,8.58,205.86,43.79,1021874.0000000002,-296288.0,499.95,0.76,0.91,0.0068,0.01
VKCO,ema,1h,True,Bayesian_TPE,"{""sampler"":""TPESampler"",""seed"":42,""n_trials"":50,""direction"":""maximize"",""objective"":""composite = Sharpe * (Return% / MaxDD%)""}",3,3.088,"{""short_ema"":55,""long_ema"":199,""allowshort"":true}",2014-01-01,2024-12-31,2025-01-01,2026-04-20,2014-01-01,2026-04-20,46,46,19,27,41.3,250330.21,-75880.99,23.97,575.33,30.25,631134.7999999999,-221571.0,270.75,0.88,1.06,0.0068,0.02,35,35,11,24,31.43,61185.99,-24908.99,12.57,301.74,24.33,177023.20000000013,-75200.7999999999,7.52,0.19,0.24,0.0048,0.0,81,81,30,51,37.04,247286.54,-84802.8,19.48,467.41,30.25,674091.2000000005,-286322.3999999997,309.37,0.66,0.82,0.0062,0.01
VKCO,ema,1h,True,Bayesian_TPE,"{""sampler"":""TPESampler"",""seed"":42,""n_trials"":50,""direction"":""maximize"",""objective"":""composite = Sharpe * (Return% / MaxDD%)""}",4,3.083,"{""short_ema"":71,""long_ema"":171,""allowshort"":true}",2014-01-01,2024-12-31,2025-01-01,2026-04-20,2014-01-01,2026-04-20,44,44,18,26,40.91,270910.7,-86107.72,25.06,601.43,29.09,629841.6,-255456.0,263.76,0.87,1.05,0.0068,0.02,36,36,12,24,33.33,54278.15,-26733.07,12.22,293.39,28.25,163699.19999999995,-74228.79999999997,0.97,0.11,0.14,0.0048,0.0,80,80,30,50,37.5,247936.78,-92950.84,19.72,473.23,30.93,629841.6,-278663.9999999999,279.06,0.63,0.78,0.0062,0.01
VKCO,ema,1h,True,Bayesian_TPE,"{""sampler"":""TPESampler"",""seed"":42,""n_trials"":50,""direction"":""maximize"",""objective"":""composite = Sharpe * (Return% / MaxDD%)""}",5,3.011,"{""short_ema"":54,""long_ema"":180,""allowshort"":true}",2014-01-01,2024-12-31,2025-01-01,2026-04-20,2014-01-01,2026-04-20,52,52,20,32,38.46,259940.91,-75311.72,21.21,509.12,31.49,541323.0,-231594.0,278.88,0.87,1.06,0.0071,0.02,36,36,10,26,27.78,72830.8,-24401.0,12.23,293.44,23.92,183178.99999999997,-82003.19999999995,9.39,0.21,0.27,0.0048,0.0,88,88,30,58,34.09,273387.03,-84539.02,17.93,430.33,31.49,719778.3999999999,-322252.7999999998,329.83,0.67,0.83,0.0064,0.01
VKCO,rsi,1h,True,Bayesian_TPE,"{""sampler"":""TPESampler"",""seed"":42,""n_trials"":50,""direction"":""maximize"",""objective"":""composite = Sharpe * (Return% / MaxDD%)""}",1,1.417,"{""rsi_lower"":10,""rsi_upper"":73,""rsi_window"":7,""allowshort"":true}",2014-01-01,2024-12-31,2025-01-01,2026-04-20,2014-01-01,2026-04-20,388,45,33,12,73.33,283135.98,-415594.67,24.71,593.16,84.56,1295624.3999999997,-2054000.9999999995,435.64,0.7,0.94,0.0174,0.01,232,27,17,10,62.96,55561.84,-48836.45,17.46,418.96,40.07,250936.40000000005,-136028.69999999987,45.62,0.49,0.64,0.0062,0.01,620,71,50,21,70.42,285718.32,-365097.65,22.35,536.44,84.56,1313041.4000000001,-2450865.5,661.89,0.61,0.8,0.0142,0.01
VKCO,rsi,1h,True,Bayesian_TPE,"{""sampler"":""TPESampler"",""seed"":42,""n_trials"":50,""direction"":""maximize"",""objective"":""composite = Sharpe * (Return% / MaxDD%)""}",2,1.417,"{""rsi_lower"":10,""rsi_upper"":73,""rsi_window"":7,""allowshort"":true}",2014-01-01,2024-12-31,2025-01-01,2026-04-20,2014-01-01,2026-04-20,388,45,33,12,73.33,283135.98,-415594.67,24.71,593.16,84.56,1295624.3999999997,-2054000.9999999995,435.64,0.7,0.94,0.0174,0.01,232,27,17,10,62.96,55561.84,-48836.45,17.46,418.96,40.07,250936.40000000005,-136028.69999999987,45.62,0.49,0.64,0.0062,0.01,620,71,50,21,70.42,285718.32,-365097.65,22.35,536.44,84.56,1313041.4000000001,-2450865.5,661.89,0.61,0.8,0.0142,0.01
VKCO,rsi,1h,True,Bayesian_TPE,"{""sampler"":""TPESampler"",""seed"":42,""n_trials"":50,""direction"":""maximize"",""objective"":""composite = Sharpe * (Return% / MaxDD%)""}",3,1.417,"{""rsi_lower"":10,""rsi_upper"":73,""rsi_window"":7,""allowshort"":true}",2014-01-01,2024-12-31,2025-01-01,2026-04-20,2014-01-01,2026-04-20,388,45,33,12,73.33,283135.98,-415594.67,24.71,593.16,84.56,1295624.3999999997,-2054000.9999999995,435.64,0.7,0.94,0.0174,0.01,232,27,17,10,62.96,55561.84,-48836.45,17.46,418.96,40.07,250936.40000000005,-136028.69999999987,45.62,0.49,0.64,0.0062,0.01,620,71,50,21,70.42,285718.32,-365097.65,22.35,536.44,84.56,1313041.4000000001,-2450865.5,661.89,0.61,0.8,0.0142,0.01
VKCO,rsi,1h,True,Bayesian_TPE,"{""sampler"":""TPESampler"",""seed"":42,""n_trials"":50,""direction"":""maximize"",""objective"":""composite = Sharpe * (Return% / MaxDD%)""}",4,1.353,"{""rsi_lower"":10,""rsi_upper"":72,""rsi_window"":7,""allowshort"":true}",2014-01-01,2024-12-31,2025-01-01,2026-04-20,2014-01-01,2026-04-20,404,45,33,12,73.33,276070.7,-408688.75,24.72,593.22,84.56,1263919.0,-1996438.7999999996,420.61,0.69,0.93,0.0174,0.01,245,27,17,10,62.96,58388.48,-47258.39,17.46,418.96,40.03,251387.40000000005,-142004.69999999987,52.0,0.53,0.69,0.0062,0.01,649,71,50,21,70.42,283171.92,-353748.96,22.35,536.48,84.56,1278675.2000000002,-2382181.4000000004,672.99,0.61,0.8,0.0142,0.01
VKCO,rsi,1h,True,Bayesian_TPE,"{""sampler"":""TPESampler"",""seed"":42,""n_trials"":50,""direction"":""maximize"",""objective"":""composite = Sharpe * (Return% / MaxDD%)""}",5,1.353,"{""rsi_lower"":10,""rsi_upper"":72,""rsi_window"":7,""allowshort"":true}",2014-01-01,2024-12-31,2025-01-01,2026-04-20,2014-01-01,2026-04-20,404,45,33,12,73.33,276070.7,-408688.75,24.72,593.22,84.56,1263919.0,-1996438.7999999996,420.61,0.69,0.93,0.0174,0.01,245,27,17,10,62.96,58388.48,-47258.39,17.46,418.96,40.03,251387.40000000005,-142004.69999999987,52.0,0.53,0.69,0.0062,0.01,649,71,50,21,70.42,283171.92,-353748.96,22.35,536.48,84.56,1278675.2000000002,-2382181.4000000004,672.99,0.61,0.8,0.0142,0.01
VKCO,macd,1h,True,Bayesian_TPE,"{""sampler"":""TPESampler"",""seed"":42,""n_trials"":50,""direction"":""maximize"",""objective"":""composite = Sharpe * (Return% / MaxDD%)""}",1,72.063,"{""macd_fast"":14,""macd_slow"":24,""macd_signal"":12,""allowshort"":true}",2014-01-01,2024-12-31,2025-01-01,2026-04-20,2014-01-01,2026-04-20,582,582,258,320,44.33,412547.69,-171858.3,1.91,45.82,45.33,7329862.800000003,-1733849.0,5144.26,1.62,2.01,0.0108,0.04,422,422,158,261,37.44,18649.69,-10649.51,1.12,26.8,38.49,90966.3999999999,-64587.10000000007,16.71,0.28,0.37,0.0054,0.0,1004,1004,416,581,41.43,618149.21,-340923.65,1.58,37.91,45.33,7329862.800000003,-3325106.8000000035,5907.34,1.24,1.55,0.0091,0.02
VKCO,macd,1h,True,Bayesian_TPE,"{""sampler"":""TPESampler"",""seed"":42,""n_trials"":50,""direction"":""maximize"",""objective"":""composite = Sharpe * (Return% / MaxDD%)""}",2,64.924,"{""macd_fast"":19,""macd_slow"":20,""macd_signal"":13,""allowshort"":true}",2014-01-01,2024-12-31,2025-01-01,2026-04-20,2014-01-01,2026-04-20,552,552,248,302,44.93,421200.04,-196303.95,2.01,48.31,43.0,7857223.999999995,-1478087.0,4517.38,1.58,1.96,0.0108,0.04,404,404,151,251,37.38,17371.12,-9896.1,1.17,28.0,36.38,82342.39999999992,-60973.90000000006,13.91,0.26,0.34,0.0054,0.0,956,956,399,553,41.74,557590.51,-310776.23,1.66,39.81,43.0,7857223.999999995,-2763826.000000003,5061.94,1.2,1.51,0.0091,0.03
VKCO,macd,1h,True,Bayesian_TPE,"{""sampler"":""TPESampler"",""seed"":42,""n_trials"":50,""direction"":""maximize"",""objective"":""composite = Sharpe * (Return% / MaxDD%)""}",3,64.343,"{""macd_fast"":17,""macd_slow"":26,""macd_signal"":10,""allowshort"":true}",2014-01-01,2024-12-31,2025-01-01,2026-04-20,2014-01-01,2026-04-20,572,572,250,319,43.71,415267.04,-178683.7,1.94,46.62,45.33,8490777.0,-1537861.0,4681.67,1.59,1.97,0.0108,0.04,426,426,155,267,36.38,15225.77,-8984.43,1.11,26.55,42.29,81868.79999999989,-58962.80000000006,-3.88,0.06,0.08,0.0054,0.0,998,998,405,586,40.58,527656.52,-289408.76,1.59,38.14,45.33,8490777.0,-2767494.600000003,4410.74,1.16,1.46,0.0091,0.02
VKCO,macd,1h,True,Bayesian_TPE,"{""sampler"":""TPESampler"",""seed"":42,""n_trials"":50,""direction"":""maximize"",""objective"":""composite = Sharpe * (Return% / MaxDD%)""}",4,64.336,"{""macd_fast"":17,""macd_slow"":21,""macd_signal"":14,""allowshort"":true}",2014-01-01,2024-12-31,2025-01-01,2026-04-20,2014-01-01,2026-04-20,552,552,248,303,44.93,417398.28,-193654.86,2.01,48.31,43.0,7799979.199999995,-1467323.0,4483.74,1.57,1.96,0.0108,0.04,402,402,151,249,37.56,17068.59,-9910.17,1.17,28.13,37.2,81199.99999999991,-60200.40000000006,10.97,0.23,0.3,0.0054,0.0,954,954,399,552,41.82,547928.45,-307430.6,1.66,39.9,43.0,7799979.199999995,-2708443.4000000027,4892.18,1.19,1.49,0.0091,0.03
VKCO,macd,1h,True,Bayesian_TPE,"{""sampler"":""TPESampler"",""seed"":42,""n_trials"":50,""direction"":""maximize"",""objective"":""composite = Sharpe * (Return% / MaxDD%)""}",5,61.964,"{""macd_fast"":18,""macd_slow"":20,""macd_signal"":13,""allowshort"":true}",2014-01-01,2024-12-31,2025-01-01,2026-04-20,2014-01-01,2026-04-20,562,562,246,312,43.77,411928.39,-185476.48,1.98,47.45,43.0,7713415.1999999955,-1473121.0,4346.57,1.56,1.94,0.0108,0.04,406,406,151,254,37.19,16917.74,-9729.14,1.16,27.86,38.45,79295.99999999991,-61084.40000000006,8.34,0.2,0.26,0.0054,0.0,968,968,397,566,41.01,534012.77,-292801.83,1.64,39.32,43.0,7713415.1999999955,-2666077.7000000025,4627.72,1.18,1.48,0.0091,0.02
VKCO,breakout_pivot,1h,True,Bayesian_TPE,"{""sampler"":""TPESampler"",""seed"":42,""n_trials"":50,""direction"":""maximize"",""objective"":""composite = Sharpe * (Return% / MaxDD%)""}",1,1.951,"{""lookback"":161,""pivot_window"":3,""min_touches"":4,""tolerance_atr_mult"":0.7,""cluster_atr_mult"":0.4,""confirmation_bars"":2,""cooldown_bars"":3,""allowshort"":true}",2014-01-01,2024-12-31,2025-01-01,2026-04-20,2014-01-01,2026-04-20,657,121,47,72,38.84,108290.75,-40153.22,4.34,104.05,39.45,421712.19999999995,-332269.6000000003,219.86,0.89,0.83,0.0058,0.01,458,91,35,55,38.46,37031.17,-18939.98,2.22,53.32,21.31,139922.40000000008,-99502.20000000004,25.44,0.44,0.41,0.0038,0.01,1115,212,82,127,38.68,110110.29,-48264.56,3.45,82.71,39.45,434991.2000000003,-332269.6000000003,289.94,0.73,0.68,0.0051,0.01
VKCO,breakout_pivot,1h,True,Bayesian_TPE,"{""sampler"":""TPESampler"",""seed"":42,""n_trials"":50,""direction"":""maximize"",""objective"":""composite = Sharpe * (Return% / MaxDD%)""}",2,1.474,"{""lookback"":103,""pivot_window"":9,""min_touches"":2,""tolerance_atr_mult"":0.3,""cluster_atr_mult"":0.55,""confirmation_bars"":3,""cooldown_bars"":18,""allowshort"":true}",2014-01-01,2024-12-31,2025-01-01,2026-04-20,2014-01-01,2026-04-20,329,108,53,54,49.07,94490.62,-59046.93,4.84,116.28,34.68,580096.0,-359520.00000000023,181.95,0.72,0.84,0.0068,0.01,196,65,30,34,46.15,28053.36,-20734.82,3.34,80.12,25.1,109197.59999999989,-61464.39999999981,13.66,0.29,0.28,0.0036,0.0,525,173,83,88,47.98,86485.53,-57941.01,4.34,104.06,34.68,580096.0,-359520.00000000023,207.95,0.57,0.64,0.0058,0.01
VKCO,breakout_pivot,1h,False,Bayesian_TPE,"{""sampler"":""TPESampler"",""seed"":42,""n_trials"":50,""direction"":""maximize"",""objective"":""composite = Sharpe * (Return% / MaxDD%)""}",3,1.285,"{""lookback"":214,""pivot_window"":3,""min_touches"":4,""tolerance_atr_mult"":0.7,""cluster_atr_mult"":0.35,""confirmation_bars"":2,""cooldown_bars"":4,""allowshort"":false}",2014-01-01,2024-12-31,2025-01-01,2026-04-20,2014-01-01,2026-04-20,625,128,49,75,38.28,104113.88,-46346.41,4.16,99.91,38.33,402363.40000000026,-322706.4000000003,162.56,0.77,0.72,0.0056,0.01,442,96,36,59,37.5,29800.29,-15778.44,2.07,49.78,23.79,143279.99999999988,-70139.09999999995,14.19,0.3,0.29,0.0036,0.0,1067,224,85,134,37.95,91355.41,-43668.06,3.28,78.83,38.33,402363.40000000026,-322706.4000000003,191.37,0.61,0.56,0.0049,0.01
VKCO,breakout_pivot,1h,False,Bayesian_TPE,"{""sampler"":""TPESampler"",""seed"":42,""n_trials"":50,""direction"":""maximize"",""objective"":""composite = Sharpe * (Return% / MaxDD%)""}",4,0.895,"{""lookback"":251,""pivot_window"":4,""min_touches"":4,""tolerance_atr_mult"":0.4,""cluster_atr_mult"":0.8,""confirmation_bars"":2,""cooldown_bars"":16,""allowshort"":false}",2014-01-01,2024-12-31,2025-01-01,2026-04-20,2014-01-01,2026-04-20,287,84,36,48,42.86,64213.17,-29655.6,5.18,124.26,23.32,257474.3999999998,-89243.6000000002,88.82,0.6,0.51,0.0049,0.01,209,64,21,43,32.81,36043.77,-18341.17,3.24,77.66,23.18,121907.30000000009,-60176.799999999814,-3.18,0.02,0.02,0.0038,0.0,496,148,57,91,38.51,64064.67,-31567.64,4.36,104.74,23.32,237274.0,-110570.79999999965,77.9,0.39,0.35,0.0045,0.01
VKCO,breakout_pivot,1h,True,Bayesian_TPE,"{""sampler"":""TPESampler"",""seed"":42,""n_trials"":50,""direction"":""maximize"",""objective"":""composite = Sharpe * (Return% / MaxDD%)""}",5,0.541,"{""lookback"":135,""pivot_window"":8,""min_touches"":2,""tolerance_atr_mult"":0.3,""cluster_atr_mult"":0.4,""confirmation_bars"":2,""cooldown_bars"":16,""allowshort"":true}",2014-01-01,2024-12-31,2025-01-01,2026-04-20,2014-01-01,2026-04-20,424,135,59,76,43.7,80401.13,-48675.56,4.14,99.25,39.73,777782.5999999999,-248115.00000000012,104.43,0.53,0.59,0.007,0.01,275,92,32,59,34.78,27580.34,-16518.46,2.42,58.03,27.21,80452.39999999998,-88677.60000000002,-9.2,-0.01,-0.01,0.0039,-0.0,699,226,91,134,40.27,70967.79,-42044.04,3.47,83.3,39.73,777782.5999999999,-248115.00000000012,82.42,0.37,0.4,0.006,0.01
VKCO,breakout_ols,1h,True,Bayesian_TPE,"{""sampler"":""TPESampler"",""seed"":42,""n_trials"":50,""direction"":""maximize"",""objective"":""composite = Sharpe * (Return% / MaxDD%)""}",1,1.056,"{""lookback"":298,""pivot_window"":4,""min_touches"":5,""tolerance_atr_mult"":1.1,""cluster_atr_mult"":1.1,""confirmation_bars"":3,""cooldown_bars"":19,""allowshort"":true}",2014-01-01,2024-12-31,2025-01-01,2026-04-20,2014-01-01,2026-04-20,281,80,35,45,43.75,80683.69,-35715.86,5.88,141.06,30.3,452660.9999999999,-112320.0,121.67,0.67,0.57,0.0055,0.01,196,55,22,33,40.0,28842.83,-21991.12,4.55,109.31,33.78,100040.39999999992,-92732.00000000003,-9.12,-0.06,-0.06,0.004,-0.0,477,134,57,77,42.54,73440.32,-41356.36,5.46,131.05,33.79,425879.9999999999,-204273.30000000005,100.17,0.43,0.38,0.005,0.01
VKCO,breakout_ols,1h,True,Bayesian_TPE,"{""sampler"":""TPESampler"",""seed"":42,""n_trials"":50,""direction"":""maximize"",""objective"":""composite = Sharpe * (Return% / MaxDD%)""}",2,0.838,"{""lookback"":283,""pivot_window"":4,""min_touches"":5,""tolerance_atr_mult"":0.95,""cluster_atr_mult"":1.1,""confirmation_bars"":3,""cooldown_bars"":18,""allowshort"":true}",2014-01-01,2024-12-31,2025-01-01,2026-04-20,2014-01-01,2026-04-20,291,78,38,39,48.72,59139.04,-31633.14,5.98,143.47,28.79,409901.99999999977,-103784.79999999997,101.36,0.61,0.51,0.0054,0.01,206,58,22,35,37.93,34968.86,-19375.83,4.26,102.12,22.9,102427.80000000003,-75928.30000000016,9.12,0.21,0.21,0.0038,0.0,497,136,60,74,44.12,60956.03,-34405.61,5.29,127.07,28.79,331272.9999999998,-146952.4000000003,111.13,0.46,0.4,0.0049,0.01
VKCO,breakout_ols,1h,True,Bayesian_TPE,"{""sampler"":""TPESampler"",""seed"":42,""n_trials"":50,""direction"":""maximize"",""objective"":""composite = Sharpe * (Return% / MaxDD%)""}",3,0.821,"{""lookback"":300,""pivot_window"":4,""min_touches"":5,""tolerance_atr_mult"":1.05,""cluster_atr_mult"":1.1,""confirmation_bars"":3,""cooldown_bars"":18,""allowshort"":true}",2014-01-01,2024-12-31,2025-01-01,2026-04-20,2014-01-01,2026-04-20,292,80,34,46,42.5,74568.7,-32512.1,6.02,144.47,30.4,416550.1999999999,-103760.0,103.98,0.61,0.53,0.0055,0.01,200,57,24,33,42.11,30336.59,-23385.57,4.38,105.12,29.36,100040.39999999992,-92732.00000000003,-4.36,0.01,0.01,0.0039,0.0,492,137,58,79,42.34,67840.61,-38373.92,5.41,129.78,30.4,407825.5999999999,-184579.70000000004,90.32,0.41,0.36,0.0049,0.01
VKCO,breakout_ols,1h,True,Bayesian_TPE,"{""sampler"":""TPESampler"",""seed"":42,""n_trials"":50,""direction"":""maximize"",""objective"":""composite = Sharpe * (Return% / MaxDD%)""}",4,0.731,"{""lookback"":300,""pivot_window"":4,""min_touches"":5,""tolerance_atr_mult"":1.1,""cluster_atr_mult"":1.1500000000000001,""confirmation_bars"":3,""cooldown_bars"":18,""allowshort"":true}",2014-01-01,2024-12-31,2025-01-01,2026-04-20,2014-01-01,2026-04-20,289,81,33,48,40.74,73687.52,-30636.53,5.81,139.48,30.23,400472.5999999999,-100403.80000000006,96.11,0.59,0.5,0.0054,0.01,201,58,25,33,43.1,29779.33,-23731.38,4.31,103.34,29.9,100040.39999999992,-92015.00000000003,-3.87,0.02,0.02,0.0039,0.0,490,139,58,81,41.73,65663.5,-36655.37,5.25,126.06,30.23,388897.5999999999,-176095.20000000004,83.94,0.39,0.35,0.0049,0.01
VKCO,breakout_ols,1h,True,Bayesian_TPE,"{""sampler"":""TPESampler"",""seed"":42,""n_trials"":50,""direction"":""maximize"",""objective"":""composite = Sharpe * (Return% / MaxDD%)""}",5,0.731,"{""lookback"":300,""pivot_window"":4,""min_touches"":5,""tolerance_atr_mult"":1.1,""cluster_atr_mult"":1.1500000000000001,""confirmation_bars"":3,""cooldown_bars"":18,""allowshort"":true}",2014-01-01,2024-12-31,2025-01-01,2026-04-20,2014-01-01,2026-04-20,289,81,33,48,40.74,73687.52,-30636.53,5.81,139.48,30.23,400472.5999999999,-100403.80000000006,96.11,0.59,0.5,0.0054,0.01,201,58,25,33,43.1,29779.33,-23731.38,4.31,103.34,29.9,100040.39999999992,-92015.00000000003,-3.87,0.02,0.02,0.0039,0.0,490,139,58,81,41.73,65663.5,-36655.37,5.25,126.06,30.23,388897.5999999999,-176095.20000000004,83.94,0.39,0.35,0.0049,0.01
VKCO,retest_pivot,1h,False,Bayesian_TPE,"{""sampler"":""TPESampler"",""seed"":42,""n_trials"":50,""direction"":""maximize"",""objective"":""composite = Sharpe * (Return% / MaxDD%)""}",1,0.741,"{""lookback"":259,""pivot_window"":5,""min_touches"":5,""tolerance_atr_mult"":0.65,""cluster_atr_mult"":0.55,""confirmation_bars"":3,""cooldown_bars"":14,""retest_window"":18,""cancel_atr_mult"":0.9,""allowshort"":false}",2014-01-01,2024-12-31,2025-01-01,2026-04-20,2014-01-01,2026-04-20,92,24,9,15,37.5,187731.22,-55372.15,15.26,366.21,28.64,405137.6000000001,-159456.39999999997,85.9,0.63,0.49,0.0044,0.01,72,14,9,5,64.29,36595.7,-59760.76,19.78,474.79,24.69,107253.0,-132483.39999999988,3.06,0.13,0.14,0.0039,0.0,164,38,18,20,47.37,127883.73,-69305.0,16.93,406.21,28.64,405137.6000000001,-246317.39999999976,91.58,0.45,0.4,0.0042,0.01
VKCO,retest_pivot,1h,False,Bayesian_TPE,"{""sampler"":""TPESampler"",""seed"":42,""n_trials"":50,""direction"":""maximize"",""objective"":""composite = Sharpe * (Return% / MaxDD%)""}",2,0.273,"{""lookback"":290,""pivot_window"":3,""min_touches"":2,""tolerance_atr_mult"":0.6000000000000001,""cluster_atr_mult"":0.35,""confirmation_bars"":2,""cooldown_bars"":19,""retest_window"":28,""cancel_atr_mult"":1.5,""allowshort"":false}",2014-01-01,2024-12-31,2025-01-01,2026-04-20,2014-01-01,2026-04-20,389,131,59,71,45.04,8006.27,-18802.53,4.14,99.3,88.43,76076.0,-336065.4,-86.26,-0.71,-0.54,0.0086,-0.01,274,93,50,42,53.76,24417.26,-25104.58,2.62,62.83,26.96,160920.8999999999,-115254.90000000002,16.65,0.33,0.34,0.0037,0.0,663,224,109,113,48.66,5871.86,-13094.95,3.51,84.16,88.43,76076.0,-336065.4,-83.97,-0.46,-0.36,0.0071,-0.0
VKCO,retest_pivot,1h,False,Bayesian_TPE,"{""sampler"":""TPESampler"",""seed"":42,""n_trials"":50,""direction"":""maximize"",""objective"":""composite = Sharpe * (Return% / MaxDD%)""}",3,0.264,"{""lookback"":291,""pivot_window"":3,""min_touches"":2,""tolerance_atr_mult"":0.6000000000000001,""cluster_atr_mult"":0.3,""confirmation_bars"":2,""cooldown_bars"":20,""retest_window"":29,""cancel_atr_mult"":2.1,""allowshort"":false}",2014-01-01,2024-12-31,2025-01-01,2026-04-20,2014-01-01,2026-04-20,375,129,61,67,47.29,8002.56,-20083.38,4.39,105.33,87.78,80535.0,-331127.80000000005,-85.74,-0.69,-0.54,0.0086,-0.01,267,94,54,40,57.45,24996.98,-26968.98,2.54,60.93,23.79,167784.2999999999,-116426.70000000003,27.11,0.47,0.48,0.0037,0.01,642,223,115,107,51.57,5917.38,-14011.89,3.61,86.61,87.78,80535.0,-331127.80000000005,-81.88,-0.42,-0.33,0.0071,-0.0
VKCO,retest_pivot,1h,False,Bayesian_TPE,"{""sampler"":""TPESampler"",""seed"":42,""n_trials"":50,""direction"":""maximize"",""objective"":""composite = Sharpe * (Return% / MaxDD%)""}",4,0.208,"{""lookback"":295,""pivot_window"":3,""min_touches"":2,""tolerance_atr_mult"":0.6000000000000001,""cluster_atr_mult"":0.3,""confirmation_bars"":2,""cooldown_bars"":20,""retest_window"":34,""cancel_atr_mult"":2.3,""allowshort"":false}",2014-01-01,2024-12-31,2025-01-01,2026-04-20,2014-01-01,2026-04-20,350,116,49,65,42.24,11793.25,-21002.27,4.46,107.15,80.92,62726.40000000002,-364148.0,-78.73,-0.54,-0.41,0.0083,-0.01,247,84,46,38,54.76,12953.81,-22270.19,2.76,66.13,35.01,77503.20000000004,-129744.20000000011,-25.04,-0.46,-0.42,0.0037,-0.0,597,200,95,103,47.5,7416.3,-15000.39,3.75,89.92,85.48,62726.40000000002,-364148.0,-84.05,-0.5,-0.38,0.0069,-0.0
VKCO,retest_pivot,1h,False,Bayesian_TPE,"{""sampler"":""TPESampler"",""seed"":42,""n_trials"":50,""direction"":""maximize"",""objective"":""composite = Sharpe * (Return% / MaxDD%)""}",5,0.197,"{""lookback"":185,""pivot_window"":5,""min_touches"":3,""tolerance_atr_mult"":0.65,""cluster_atr_mult"":0.7,""confirmation_bars"":3,""cooldown_bars"":14,""retest_window"":27,""cancel_atr_mult"":1.1,""allowshort"":false}",2014-01-01,2024-12-31,2025-01-01,2026-04-20,2014-01-01,2026-04-20,235,72,27,45,37.5,18056.22,-27621.83,6.85,164.47,79.89,68517.79999999999,-505344.0,-75.55,-0.53,-0.38,0.0079,-0.01,158,52,20,32,38.46,29287.14,-18757.57,4.94,118.65,31.79,117124.60000000005,-97727.10000000014,-1.45,0.01,0.01,0.004,0.0,393,124,47,77,37.9,13419.14,-18048.04,6.05,145.26,79.89,68517.79999999999,-505344.0,-75.9,-0.38,-0.3,0.0066,-0.0
VKCO,retest_ols,1h,False,Bayesian_TPE,"{""sampler"":""TPESampler"",""seed"":42,""n_trials"":50,""direction"":""maximize"",""objective"":""composite = Sharpe * (Return% / MaxDD%)""}",1,0.256,"{""lookback"":169,""pivot_window"":9,""min_touches"":3,""tolerance_atr_mult"":0.75,""cluster_atr_mult"":0.45,""confirmation_bars"":3,""cooldown_bars"":8,""retest_window"":14,""cancel_atr_mult"":1.5,""allowshort"":false}",2014-01-01,2024-12-31,2025-01-01,2026-04-20,2014-01-01,2026-04-20,187,43,14,29,32.56,25055.56,-37358.3,14.41,345.86,75.85,93775.0,-204502.80000000002,-73.26,-0.67,-0.6,0.0063,-0.01,123,29,14,15,48.28,33261.02,-29544.19,8.15,195.66,23.39,133132.79999999993,-70556.40000000004,2.25,0.11,0.11,0.0038,0.0,310,72,28,44,38.89,16973.02,-27314.5,11.89,285.36,76.69,93775.0,-204502.80000000002,-72.66,-0.45,-0.4,0.0055,-0.0
VKCO,retest_ols,1h,False,Bayesian_TPE,"{""sampler"":""TPESampler"",""seed"":42,""n_trials"":50,""direction"":""maximize"",""objective"":""composite = Sharpe * (Return% / MaxDD%)""}",2,0.25,"{""lookback"":187,""pivot_window"":6,""min_touches"":5,""tolerance_atr_mult"":0.4,""cluster_atr_mult"":0.3,""confirmation_bars"":2,""cooldown_bars"":6,""retest_window"":38,""cancel_atr_mult"":2.1,""allowshort"":false}",2014-01-01,2024-12-31,2025-01-01,2026-04-20,2014-01-01,2026-04-20,207,45,13,31,28.89,32172.37,-34836.41,11.77,282.38,68.01,81343.99999999996,-133902.99999999997,-66.17,-0.65,-0.53,0.0054,-0.01,140,26,8,18,30.77,27338.3,-32598.92,9.39,225.31,43.82,74490.0,-180150.29999999996,-36.81,-0.64,-0.59,0.0038,-0.01,347,71,21,49,29.58,23439.22,-26089.49,10.89,261.48,78.81,81343.99999999996,-133902.99999999997,-78.62,-0.64,-0.54,0.0049,-0.0
VKCO,retest_ols,1h,False,Bayesian_TPE,"{""sampler"":""TPESampler"",""seed"":42,""n_trials"":50,""direction"":""maximize"",""objective"":""composite = Sharpe * (Return% / MaxDD%)""}",3,0.205,"{""lookback"":256,""pivot_window"":8,""min_touches"":3,""tolerance_atr_mult"":0.8,""cluster_atr_mult"":0.4,""confirmation_bars"":3,""cooldown_bars"":3,""retest_window"":16,""cancel_atr_mult"":1.8,""allowshort"":false}",2014-01-01,2024-12-31,2025-01-01,2026-04-20,2014-01-01,2026-04-20,208,39,12,27,30.77,38199.97,-41239.03,14.08,337.87,70.16,176547.0,-160044.79999999993,-65.51,-0.56,-0.47,0.006,-0.0,150,28,17,11,60.71,28237.9,-37629.12,8.34,200.07,27.64,81277.20000000003,-80020.0,6.61,0.18,0.17,0.0038,0.0,358,67,29,38,43.28,21515.72,-33058.04,11.68,280.28,70.72,176547.0,-160044.79999999993,-63.22,-0.34,-0.29,0.0052,-0.0
VKCO,retest_ols,1h,True,Bayesian_TPE,"{""sampler"":""TPESampler"",""seed"":42,""n_trials"":50,""direction"":""maximize"",""objective"":""composite = Sharpe * (Return% / MaxDD%)""}",4,0.196,"{""lookback"":246,""pivot_window"":8,""min_touches"":3,""tolerance_atr_mult"":0.9000000000000001,""cluster_atr_mult"":0.4,""confirmation_bars"":3,""cooldown_bars"":4,""retest_window"":16,""cancel_atr_mult"":1.7000000000000002,""allowshort"":true}",2014-01-01,2024-12-31,2025-01-01,2026-04-20,2014-01-01,2026-04-20,216,40,15,25,37.5,37012.77,-46680.44,13.55,325.3,66.55,144648.0,-160044.79999999993,-61.18,-0.54,-0.47,0.0055,-0.0,154,26,15,11,57.69,23879.35,-25871.88,8.48,203.62,23.46,76046.10000000008,-81972.0,7.36,0.19,0.18,0.0036,0.0,370,66,29,37,43.94,23476.79,-34603.57,11.66,279.89,68.65,144648.0,-160044.79999999993,-59.95,-0.34,-0.29,0.0049,-0.0
VKCO,retest_ols,1h,False,Bayesian_TPE,"{""sampler"":""TPESampler"",""seed"":42,""n_trials"":50,""direction"":""maximize"",""objective"":""composite = Sharpe * (Return% / MaxDD%)""}",5,0.193,"{""lookback"":253,""pivot_window"":8,""min_touches"":3,""tolerance_atr_mult"":0.8500000000000001,""cluster_atr_mult"":0.4,""confirmation_bars"":3,""cooldown_bars"":3,""retest_window"":16,""cancel_atr_mult"":1.7000000000000002,""allowshort"":false}",2014-01-01,2024-12-31,2025-01-01,2026-04-20,2014-01-01,2026-04-20,211,39,11,28,28.21,53279.35,-43501.77,13.74,329.87,69.37,186837.0,-160044.79999999993,-63.2,-0.54,-0.44,0.0058,-0.0,149,28,16,12,57.14,28046.64,-33349.9,7.79,187.0,27.07,92151.20000000003,-78520.0,4.85,0.15,0.14,0.0036,0.0,360,67,27,40,40.3,27606.13,-34092.66,11.48,275.52,70.49,186837.0,-160044.79999999993,-61.83,-0.34,-0.28,0.0051,-0.0
VKCO,obv,1h,True,Bayesian_TPE,"{""sampler"":""TPESampler"",""seed"":42,""n_trials"":50,""direction"":""maximize"",""objective"":""composite = Sharpe * (Return% / MaxDD%)""}",1,3.627,"{""obv_ema_window"":30,""confirmation_bars"":4,""allowshort"":true}",2014-01-01,2024-12-31,2025-01-01,2026-04-20,2014-01-01,2026-04-20,2431,679,243,425,35.79,81537.01,-33797.45,1.64,39.33,52.13,979138.6000000001,-628056.0,544.96,0.89,1.05,0.0107,0.02,1594,445,136,306,30.56,21750.36,-8828.63,1.06,25.42,29.68,102151.40000000008,-65614.90000000007,25.65,0.37,0.48,0.0053,0.01,4025,1124,379,731,33.72,101672.37,-43152.27,1.41,33.9,52.13,979138.6000000001,-628056.0,698.95,0.72,0.87,0.009,0.01
VKCO,obv,1h,True,Bayesian_TPE,"{""sampler"":""TPESampler"",""seed"":42,""n_trials"":50,""direction"":""maximize"",""objective"":""composite = Sharpe * (Return% / MaxDD%)""}",2,3.627,"{""obv_ema_window"":30,""confirmation_bars"":4,""allowshort"":true}",2014-01-01,2024-12-31,2025-01-01,2026-04-20,2014-01-01,2026-04-20,2431,679,243,425,35.79,81537.01,-33797.45,1.64,39.33,52.13,979138.6000000001,-628056.0,544.96,0.89,1.05,0.0107,0.02,1594,445,136,306,30.56,21750.36,-8828.63,1.06,25.42,29.68,102151.40000000008,-65614.90000000007,25.65,0.37,0.48,0.0053,0.01,4025,1124,379,731,33.72,101672.37,-43152.27,1.41,33.9,52.13,979138.6000000001,-628056.0,698.95,0.72,0.87,0.009,0.01
VKCO,obv,1h,True,Bayesian_TPE,"{""sampler"":""TPESampler"",""seed"":42,""n_trials"":50,""direction"":""maximize"",""objective"":""composite = Sharpe * (Return% / MaxDD%)""}",3,3.627,"{""obv_ema_window"":30,""confirmation_bars"":4,""allowshort"":true}",2014-01-01,2024-12-31,2025-01-01,2026-04-20,2014-01-01,2026-04-20,2431,679,243,425,35.79,81537.01,-33797.45,1.64,39.33,52.13,979138.6000000001,-628056.0,544.96,0.89,1.05,0.0107,0.02,1594,445,136,306,30.56,21750.36,-8828.63,1.06,25.42,29.68,102151.40000000008,-65614.90000000007,25.65,0.37,0.48,0.0053,0.01,4025,1124,379,731,33.72,101672.37,-43152.27,1.41,33.9,52.13,979138.6000000001,-628056.0,698.95,0.72,0.87,0.009,0.01
VKCO,obv,1h,True,Bayesian_TPE,"{""sampler"":""TPESampler"",""seed"":42,""n_trials"":50,""direction"":""maximize"",""objective"":""composite = Sharpe * (Return% / MaxDD%)""}",4,3.627,"{""obv_ema_window"":30,""confirmation_bars"":4,""allowshort"":true}",2014-01-01,2024-12-31,2025-01-01,2026-04-20,2014-01-01,2026-04-20,2431,679,243,425,35.79,81537.01,-33797.45,1.64,39.33,52.13,979138.6000000001,-628056.0,544.96,0.89,1.05,0.0107,0.02,1594,445,136,306,30.56,21750.36,-8828.63,1.06,25.42,29.68,102151.40000000008,-65614.90000000007,25.65,0.37,0.48,0.0053,0.01,4025,1124,379,731,33.72,101672.37,-43152.27,1.41,33.9,52.13,979138.6000000001,-628056.0,698.95,0.72,0.87,0.009,0.01
VKCO,obv,1h,True,Bayesian_TPE,"{""sampler"":""TPESampler"",""seed"":42,""n_trials"":50,""direction"":""maximize"",""objective"":""composite = Sharpe * (Return% / MaxDD%)""}",5,3.627,"{""obv_ema_window"":30,""confirmation_bars"":4,""allowshort"":true}",2014-01-01,2024-12-31,2025-01-01,2026-04-20,2014-01-01,2026-04-20,2431,679,243,425,35.79,81537.01,-33797.45,1.64,39.33,52.13,979138.6000000001,-628056.0,544.96,0.89,1.05,0.0107,0.02,1594,445,136,306,30.56,21750.36,-8828.63,1.06,25.42,29.68,102151.40000000008,-65614.90000000007,25.65,0.37,0.48,0.0053,0.01,4025,1124,379,731,33.72,101672.37,-43152.27,1.41,33.9,52.13,979138.6000000001,-628056.0,698.95,0.72,0.87,0.009,0.01
VKCO,vwap,1h,True,Bayesian_TPE,"{""sampler"":""TPESampler"",""seed"":42,""n_trials"":50,""direction"":""maximize"",""objective"":""composite = Sharpe * (Return% / MaxDD%)""}",1,3.671,"{""vwap_window"":123,""vwap_tol"":0.006,""vwap_mode"":""rolling"",""allowshort"":true}",2014-01-01,2024-12-31,2025-01-01,2026-04-20,2014-01-01,2026-04-20,404,161,53,108,32.92,147858.48,-38794.43,6.89,165.36,34.67,919213.1999999997,-177804.0,364.67,0.89,1.12,0.0081,0.02,305,97,28,69,28.87,48971.45,-19775.6,4.83,115.87,34.86,189207.99999999988,-60960.0,0.67,0.11,0.14,0.0052,0.0,709,257,81,176,31.52,169777.05,-58226.78,6.16,147.93,34.87,846558.3999999994,-272760.0,350.4,0.64,0.8,0.0071,0.01
VKCO,vwap,1h,True,Bayesian_TPE,"{""sampler"":""TPESampler"",""seed"":42,""n_trials"":50,""direction"":""maximize"",""objective"":""composite = Sharpe * (Return% / MaxDD%)""}",2,3.666,"{""vwap_window"":65,""vwap_tol"":0.012,""vwap_mode"":""rolling"",""allowshort"":true}",2014-01-01,2024-12-31,2025-01-01,2026-04-20,2014-01-01,2026-04-20,534,156,64,88,41.03,141681.17,-57937.0,7.09,170.25,36.81,664052.4000000004,-190699.20000000013,396.91,0.87,1.02,0.009,0.02,367,91,33,58,36.26,39940.48,-24569.62,5.12,122.99,38.5,188387.19999999992,-61210.80000000007,-10.7,-0.02,-0.03,0.0052,-0.0,901,246,97,145,39.43,157946.24,-82540.39,6.43,154.28,38.5,918380.7999999996,-298410.00000000035,335.24,0.6,0.72,0.0078,0.01
VKCO,vwap,1h,True,Bayesian_TPE,"{""sampler"":""TPESampler"",""seed"":42,""n_trials"":50,""direction"":""maximize"",""objective"":""composite = Sharpe * (Return% / MaxDD%)""}",3,2.877,"{""vwap_window"":62,""vwap_tol"":0.012,""vwap_mode"":""rolling"",""allowshort"":true}",2014-01-01,2024-12-31,2025-01-01,2026-04-20,2014-01-01,2026-04-20,545,164,67,93,40.85,121310.23,-51911.31,6.75,161.95,36.24,574635.6000000003,-173440.80000000013,330.0,0.8,0.94,0.009,0.02,378,95,34,61,35.79,38876.22,-23517.01,4.91,117.78,38.56,162956.79999999993,-57839.600000000064,-11.27,-0.03,-0.04,0.0052,-0.0,923,258,101,153,39.15,134491.53,-70732.51,6.13,147.11,38.56,690988.7999999997,-245274.40000000029,276.16,0.56,0.66,0.0078,0.01
VKCO,vwap,1h,True,Bayesian_TPE,"{""sampler"":""TPESampler"",""seed"":42,""n_trials"":50,""direction"":""maximize"",""objective"":""composite = Sharpe * (Return% / MaxDD%)""}",4,2.868,"{""vwap_window"":59,""vwap_tol"":0.015,""vwap_mode"":""rolling"",""allowshort"":true}",2014-01-01,2024-12-31,2025-01-01,2026-04-20,2014-01-01,2026-04-20,543,140,58,79,41.43,136169.77,-53960.91,7.9,189.71,41.57,628966.8000000004,-160351.40000000008,363.49,0.84,0.98,0.009,0.02,350,73,31,42,42.47,42922.55,-28313.9,6.45,154.81,26.86,201074.39999999997,-61485.20000000007,14.14,0.26,0.34,0.0052,0.01,893,212,89,120,41.98,154359.64,-79884.79,7.46,179.03,41.57,907659.5999999999,-277575.2000000003,415.18,0.65,0.78,0.0078,0.01
VKCO,vwap,1h,True,Bayesian_TPE,"{""sampler"":""TPESampler"",""seed"":42,""n_trials"":50,""direction"":""maximize"",""objective"":""composite = Sharpe * (Return% / MaxDD%)""}",5,2.697,"{""vwap_window"":120,""vwap_tol"":0.003,""vwap_mode"":""rolling"",""allowshort"":true}",2014-01-01,2024-12-31,2025-01-01,2026-04-20,2014-01-01,2026-04-20,442,233,64,169,27.47,130906.46,-29871.64,4.76,114.27,41.49,884204.1999999997,-175884.0,332.97,0.86,1.06,0.0081,0.02,322,144,34,110,23.61,44535.13,-13434.16,3.23,77.48,33.62,195624.60000000006,-55503.400000000096,3.64,0.15,0.19,0.0051,0.0,764,377,98,279,25.99,147557.59,-40030.99,4.2,100.85,41.49,810249.0000000003,-229909.4000000004,329.2,0.62,0.78,0.0071,0.01
VKCO,engulfing,1h,True,Bayesian_TPE,"{""sampler"":""TPESampler"",""seed"":42,""n_trials"":50,""direction"":""maximize"",""objective"":""composite = Sharpe * (Return% / MaxDD%)""}",1,0.101,"{""doji_tol"":0.09,""wick_body_ratio"":3.4000000000000004,""allowshort"":true}",2014-01-01,2024-12-31,2025-01-01,2026-04-20,2014-01-01,2026-04-20,1435,785,318,458,40.51,29388.85,-19392.57,1.42,34.02,64.16,381888.00000000006,-247950.0,46.39,0.35,0.45,0.0117,0.01,984,543,211,328,38.86,14946.7,-9955.38,0.87,20.83,34.3,103964.20000000006,-74055.79999999996,-11.16,-0.02,-0.03,0.0054,-0.0,2419,1327,528,786,39.79,26310.93,-17315.42,1.2,28.71,64.16,381888.00000000006,-247950.0,28.23,0.25,0.32,0.0097,0.0
VKCO,engulfing,1h,True,Bayesian_TPE,"{""sampler"":""TPESampler"",""seed"":42,""n_trials"":50,""direction"":""maximize"",""objective"":""composite = Sharpe * (Return% / MaxDD%)""}",2,0.101,"{""doji_tol"":0.15,""wick_body_ratio"":1.5,""allowshort"":true}",2014-01-01,2024-12-31,2025-01-01,2026-04-20,2014-01-01,2026-04-20,1435,785,318,458,40.51,29388.85,-19392.57,1.42,34.02,64.16,381888.00000000006,-247950.0,46.39,0.35,0.45,0.0117,0.01,984,543,211,328,38.86,14946.7,-9955.38,0.87,20.83,34.3,103964.20000000006,-74055.79999999996,-11.16,-0.02,-0.03,0.0054,-0.0,2419,1327,528,786,39.79,26310.93,-17315.42,1.2,28.71,64.16,381888.00000000006,-247950.0,28.23,0.25,0.32,0.0097,0.0
VKCO,engulfing,1h,True,Bayesian_TPE,"{""sampler"":""TPESampler"",""seed"":42,""n_trials"":50,""direction"":""maximize"",""objective"":""composite = Sharpe * (Return% / MaxDD%)""}",3,0.101,"{""doji_tol"":0.18,""wick_body_ratio"":3.3,""allowshort"":true}",2014-01-01,2024-12-31,2025-01-01,2026-04-20,2014-01-01,2026-04-20,1435,785,318,458,40.51,29388.85,-19392.57,1.42,34.02,64.16,381888.00000000006,-247950.0,46.39,0.35,0.45,0.0117,0.01,984,543,211,328,38.86,14946.7,-9955.38,0.87,20.83,34.3,103964.20000000006,-74055.79999999996,-11.16,-0.02,-0.03,0.0054,-0.0,2419,1327,528,786,39.79,26310.93,-17315.42,1.2,28.71,64.16,381888.00000000006,-247950.0,28.23,0.25,0.32,0.0097,0.0
VKCO,engulfing,1h,True,Bayesian_TPE,"{""sampler"":""TPESampler"",""seed"":42,""n_trials"":50,""direction"":""maximize"",""objective"":""composite = Sharpe * (Return% / MaxDD%)""}",4,0.101,"{""doji_tol"":0.08,""wick_body_ratio"":2.6,""allowshort"":true}",2014-01-01,2024-12-31,2025-01-01,2026-04-20,2014-01-01,2026-04-20,1435,785,318,458,40.51,29388.85,-19392.57,1.42,34.02,64.16,381888.00000000006,-247950.0,46.39,0.35,0.45,0.0117,0.01,984,543,211,328,38.86,14946.7,-9955.38,0.87,20.83,34.3,103964.20000000006,-74055.79999999996,-11.16,-0.02,-0.03,0.0054,-0.0,2419,1327,528,786,39.79,26310.93,-17315.42,1.2,28.71,64.16,381888.00000000006,-247950.0,28.23,0.25,0.32,0.0097,0.0
VKCO,engulfing,1h,True,Bayesian_TPE,"{""sampler"":""TPESampler"",""seed"":42,""n_trials"":50,""direction"":""maximize"",""objective"":""composite = Sharpe * (Return% / MaxDD%)""}",5,0.101,"{""doji_tol"":0.14,""wick_body_ratio"":2.0,""allowshort"":true}",2014-01-01,2024-12-31,2025-01-01,2026-04-20,2014-01-01,2026-04-20,1435,785,318,458,40.51,29388.85,-19392.57,1.42,34.02,64.16,381888.00000000006,-247950.0,46.39,0.35,0.45,0.0117,0.01,984,543,211,328,38.86,14946.7,-9955.38,0.87,20.83,34.3,103964.20000000006,-74055.79999999996,-11.16,-0.02,-0.03,0.0054,-0.0,2419,1327,528,786,39.79,26310.93,-17315.42,1.2,28.71,64.16,381888.00000000006,-247950.0,28.23,0.25,0.32,0.0097,0.0
VKCO,hammerdoji,1h,True,Bayesian_TPE,"{""sampler"":""TPESampler"",""seed"":42,""n_trials"":50,""direction"":""maximize"",""objective"":""composite = Sharpe * (Return% / MaxDD%)""}",1,0.303,"{""doji_tol"":0.17,""wick_body_ratio"":1.6,""allowshort"":true}",2014-01-01,2024-12-31,2025-01-01,2026-04-20,2014-01-01,2026-04-20,2878,1398,712,625,50.93,1895.52,-3734.89,0.8,19.1,104.5,156873.59999999992,-531256.7999999999,-98.47,-0.82,-0.58,0.0444,-0.03,1766,879,454,391,51.65,9097.75,-10367.14,0.54,12.87,33.21,96681.60000000011,-108258.79999999992,7.68,0.19,0.26,0.0055,0.0,4644,2277,1166,1016,51.21,1212.05,-2358.77,0.7,16.73,104.5,156873.59999999992,-531256.7999999999,-98.33,-0.63,-0.44,0.0349,-0.02
VKCO,hammerdoji,1h,True,Bayesian_TPE,"{""sampler"":""TPESampler"",""seed"":42,""n_trials"":50,""direction"":""maximize"",""objective"":""composite = Sharpe * (Return% / MaxDD%)""}",2,0.303,"{""doji_tol"":0.17,""wick_body_ratio"":1.6,""allowshort"":true}",2014-01-01,2024-12-31,2025-01-01,2026-04-20,2014-01-01,2026-04-20,2878,1398,712,625,50.93,1895.52,-3734.89,0.8,19.1,104.5,156873.59999999992,-531256.7999999999,-98.47,-0.82,-0.58,0.0444,-0.03,1766,879,454,391,51.65,9097.75,-10367.14,0.54,12.87,33.21,96681.60000000011,-108258.79999999992,7.68,0.19,0.26,0.0055,0.0,4644,2277,1166,1016,51.21,1212.05,-2358.77,0.7,16.73,104.5,156873.59999999992,-531256.7999999999,-98.33,-0.63,-0.44,0.0349,-0.02
VKCO,hammerdoji,1h,True,Bayesian_TPE,"{""sampler"":""TPESampler"",""seed"":42,""n_trials"":50,""direction"":""maximize"",""objective"":""composite = Sharpe * (Return% / MaxDD%)""}",3,0.303,"{""doji_tol"":0.17,""wick_body_ratio"":1.6,""allowshort"":true}",2014-01-01,2024-12-31,2025-01-01,2026-04-20,2014-01-01,2026-04-20,2878,1398,712,625,50.93,1895.52,-3734.89,0.8,19.1,104.5,156873.59999999992,-531256.7999999999,-98.47,-0.82,-0.58,0.0444,-0.03,1766,879,454,391,51.65,9097.75,-10367.14,0.54,12.87,33.21,96681.60000000011,-108258.79999999992,7.68,0.19,0.26,0.0055,0.0,4644,2277,1166,1016,51.21,1212.05,-2358.77,0.7,16.73,104.5,156873.59999999992,-531256.7999999999,-98.33,-0.63,-0.44,0.0349,-0.02
VKCO,hammerdoji,1h,True,Bayesian_TPE,"{""sampler"":""TPESampler"",""seed"":42,""n_trials"":50,""direction"":""maximize"",""objective"":""composite = Sharpe * (Return% / MaxDD%)""}",4,0.3,"{""doji_tol"":0.14,""wick_body_ratio"":1.6,""allowshort"":true}",2014-01-01,2024-12-31,2025-01-01,2026-04-20,2014-01-01,2026-04-20,2617,1258,640,569,50.87,2161.88,-4161.26,0.88,21.23,105.69,187398.40000000002,-631473.6,-98.42,-0.82,-0.58,0.0445,-0.03,1587,773,404,341,52.26,6369.58,-8504.49,0.61,14.63,44.89,67845.60000000008,-89534.99999999997,-32.67,-0.33,-0.43,0.0055,-0.0,4204,2031,1044,909,51.4,1364.39,-2655.26,0.78,18.76,105.69,187398.40000000002,-631473.6,-98.92,-0.66,-0.47,0.0349,-0.02
VKCO,hammerdoji,1h,True,Bayesian_TPE,"{""sampler"":""TPESampler"",""seed"":42,""n_trials"":50,""direction"":""maximize"",""objective"":""composite = Sharpe * (Return% / MaxDD%)""}",5,0.3,"{""doji_tol"":0.14,""wick_body_ratio"":1.6,""allowshort"":true}",2014-01-01,2024-12-31,2025-01-01,2026-04-20,2014-01-01,2026-04-20,2617,1258,640,569,50.87,2161.88,-4161.26,0.88,21.23,105.69,187398.40000000002,-631473.6,-98.42,-0.82,-0.58,0.0445,-0.03,1587,773,404,341,52.26,6369.58,-8504.49,0.61,14.63,44.89,67845.60000000008,-89534.99999999997,-32.67,-0.33,-0.43,0.0055,-0.0,4204,2031,1044,909,51.4,1364.39,-2655.26,0.78,18.76,105.69,187398.40000000002,-631473.6,-98.92,-0.66,-0.47,0.0349,-0.02
VKCO,harami,1h,True,Bayesian_TPE,"{""sampler"":""TPESampler"",""seed"":42,""n_trials"":50,""direction"":""maximize"",""objective"":""composite = Sharpe * (Return% / MaxDD%)""}",1,2.538,"{""doji_tol"":0.09,""wick_body_ratio"":3.4000000000000004,""allowshort"":true}",2014-01-01,2024-12-31,2025-01-01,2026-04-20,2014-01-01,2026-04-20,201,104,55,49,52.88,215981.29,-155647.36,10.69,256.52,55.97,1523747.2000000002,-1456513.4000000006,425.23,0.85,1.2,0.0096,0.01,90,53,29,24,54.72,43658.62,-44391.1,8.83,212.04,43.07,145485.20000000007,-223473.59999999995,20.07,0.31,0.43,0.0054,0.0,291,157,84,73,53.5,214060.51,-177606.48,10.1,242.5,55.97,1523747.2000000002,-1456513.4000000006,501.58,0.67,0.94,0.0083,0.01
VKCO,harami,1h,True,Bayesian_TPE,"{""sampler"":""TPESampler"",""seed"":42,""n_trials"":50,""direction"":""maximize"",""objective"":""composite = Sharpe * (Return% / MaxDD%)""}",2,2.538,"{""doji_tol"":0.15,""wick_body_ratio"":1.5,""allowshort"":true}",2014-01-01,2024-12-31,2025-01-01,2026-04-20,2014-01-01,2026-04-20,201,104,55,49,52.88,215981.29,-155647.36,10.69,256.52,55.97,1523747.2000000002,-1456513.4000000006,425.23,0.85,1.2,0.0096,0.01,90,53,29,24,54.72,43658.62,-44391.1,8.83,212.04,43.07,145485.20000000007,-223473.59999999995,20.07,0.31,0.43,0.0054,0.0,291,157,84,73,53.5,214060.51,-177606.48,10.1,242.5,55.97,1523747.2000000002,-1456513.4000000006,501.58,0.67,0.94,0.0083,0.01
VKCO,harami,1h,True,Bayesian_TPE,"{""sampler"":""TPESampler"",""seed"":42,""n_trials"":50,""direction"":""maximize"",""objective"":""composite = Sharpe * (Return% / MaxDD%)""}",3,2.538,"{""doji_tol"":0.18,""wick_body_ratio"":3.3,""allowshort"":true}",2014-01-01,2024-12-31,2025-01-01,2026-04-20,2014-01-01,2026-04-20,201,104,55,49,52.88,215981.29,-155647.36,10.69,256.52,55.97,1523747.2000000002,-1456513.4000000006,425.23,0.85,1.2,0.0096,0.01,90,53,29,24,54.72,43658.62,-44391.1,8.83,212.04,43.07,145485.20000000007,-223473.59999999995,20.07,0.31,0.43,0.0054,0.0,291,157,84,73,53.5,214060.51,-177606.48,10.1,242.5,55.97,1523747.2000000002,-1456513.4000000006,501.58,0.67,0.94,0.0083,0.01
VKCO,harami,1h,True,Bayesian_TPE,"{""sampler"":""TPESampler"",""seed"":42,""n_trials"":50,""direction"":""maximize"",""objective"":""composite = Sharpe * (Return% / MaxDD%)""}",4,2.538,"{""doji_tol"":0.08,""wick_body_ratio"":2.6,""allowshort"":true}",2014-01-01,2024-12-31,2025-01-01,2026-04-20,2014-01-01,2026-04-20,201,104,55,49,52.88,215981.29,-155647.36,10.69,256.52,55.97,1523747.2000000002,-1456513.4000000006,425.23,0.85,1.2,0.0096,0.01,90,53,29,24,54.72,43658.62,-44391.1,8.83,212.04,43.07,145485.20000000007,-223473.59999999995,20.07,0.31,0.43,0.0054,0.0,291,157,84,73,53.5,214060.51,-177606.48,10.1,242.5,55.97,1523747.2000000002,-1456513.4000000006,501.58,0.67,0.94,0.0083,0.01
VKCO,harami,1h,True,Bayesian_TPE,"{""sampler"":""TPESampler"",""seed"":42,""n_trials"":50,""direction"":""maximize"",""objective"":""composite = Sharpe * (Return% / MaxDD%)""}",5,2.538,"{""doji_tol"":0.14,""wick_body_ratio"":2.0,""allowshort"":true}",2014-01-01,2024-12-31,2025-01-01,2026-04-20,2014-01-01,2026-04-20,201,104,55,49,52.88,215981.29,-155647.36,10.69,256.52,55.97,1523747.2000000002,-1456513.4000000006,425.23,0.85,1.2,0.0096,0.01,90,53,29,24,54.72,43658.62,-44391.1,8.83,212.04,43.07,145485.20000000007,-223473.59999999995,20.07,0.31,0.43,0.0054,0.0,291,157,84,73,53.5,214060.51,-177606.48,10.1,242.5,55.97,1523747.2000000002,-1456513.4000000006,501.58,0.67,0.94,0.0083,0.01
VKCO,candle_ensemble,1h,True,Bayesian_TPE,"{""sampler"":""TPESampler"",""seed"":42,""n_trials"":50,""direction"":""maximize"",""objective"":""composite = Sharpe * (Return% / MaxDD%)""}",1,1.446,"{""ensemble_window"":9,""min_votes"":3,""doji_tol"":0.15,""wick_body_ratio"":2.9000000000000004,""allowshort"":true}",2014-01-01,2024-12-31,2025-01-01,2026-04-20,2014-01-01,2026-04-20,808,406,208,191,51.23,73374.56,-64893.94,2.74,65.71,52.74,545965.1999999997,-762048.0000000003,286.72,0.68,0.87,0.0114,0.01,544,288,134,149,46.53,16029.86,-16375.02,1.64,39.27,46.8,102103.20000000007,-123314.40000000013,-29.19,-0.27,-0.36,0.0055,-0.0,1352,694,343,339,49.42,69182.16,-64756.44,2.29,54.86,52.74,545965.1999999997,-762048.0000000003,177.7,0.44,0.56,0.0096,0.01
VKCO,candle_ensemble,1h,True,Bayesian_TPE,"{""sampler"":""TPESampler"",""seed"":42,""n_trials"":50,""direction"":""maximize"",""objective"":""composite = Sharpe * (Return% / MaxDD%)""}",2,1.261,"{""ensemble_window"":9,""min_votes"":3,""doji_tol"":0.15,""wick_body_ratio"":3.2,""allowshort"":true}",2014-01-01,2024-12-31,2025-01-01,2026-04-20,2014-01-01,2026-04-20,754,385,197,183,51.17,57894.37,-48131.83,2.89,69.28,52.74,469968.39999999973,-708825.6000000003,259.71,0.65,0.82,0.0115,0.01,509,258,119,135,46.12,12667.02,-14980.77,1.83,43.83,60.82,103700.60000000008,-90784.80000000009,-51.5,-0.69,-0.9,0.0055,-0.01,1263,643,317,317,49.3,53450.93,-51025.0,2.47,59.2,61.55,469968.39999999973,-708825.6000000003,76.9,0.33,0.41,0.0096,0.01
VKCO,candle_ensemble,1h,True,Bayesian_TPE,"{""sampler"":""TPESampler"",""seed"":42,""n_trials"":50,""direction"":""maximize"",""objective"":""composite = Sharpe * (Return% / MaxDD%)""}",3,0.695,"{""ensemble_window"":10,""min_votes"":3,""doji_tol"":0.15,""wick_body_ratio"":3.0,""allowshort"":true}",2014-01-01,2024-12-31,2025-01-01,2026-04-20,2014-01-01,2026-04-20,856,440,212,219,48.18,52302.11,-42470.39,2.53,60.67,57.34,624260.0,-340659.0,178.7,0.57,0.73,0.0114,0.01,555,308,147,156,47.73,10534.11,-12935.14,1.53,36.72,57.15,105237.0,-114922.0,-46.94,-0.59,-0.75,0.0054,-0.01,1411,748,360,374,48.13,43044.59,-40097.01,2.12,50.92,57.34,624260.0,-340659.0,49.98,0.29,0.37,0.0095,0.0
VKCO,candle_ensemble,1h,True,Bayesian_TPE,"{""sampler"":""TPESampler"",""seed"":42,""n_trials"":50,""direction"":""maximize"",""objective"":""composite = Sharpe * (Return% / MaxDD%)""}",4,0.695,"{""ensemble_window"":10,""min_votes"":3,""doji_tol"":0.15,""wick_body_ratio"":3.0,""allowshort"":true}",2014-01-01,2024-12-31,2025-01-01,2026-04-20,2014-01-01,2026-04-20,856,440,212,219,48.18,52302.11,-42470.39,2.53,60.67,57.34,624260.0,-340659.0,178.7,0.57,0.73,0.0114,0.01,555,308,147,156,47.73,10534.11,-12935.14,1.53,36.72,57.15,105237.0,-114922.0,-46.94,-0.59,-0.75,0.0054,-0.01,1411,748,360,374,48.13,43044.59,-40097.01,2.12,50.92,57.34,624260.0,-340659.0,49.98,0.29,0.37,0.0095,0.0
VKCO,candle_ensemble,1h,True,Bayesian_TPE,"{""sampler"":""TPESampler"",""seed"":42,""n_trials"":50,""direction"":""maximize"",""objective"":""composite = Sharpe * (Return% / MaxDD%)""}",5,0.602,"{""ensemble_window"":8,""min_votes"":3,""doji_tol"":0.15,""wick_body_ratio"":2.9000000000000004,""allowshort"":true}",2014-01-01,2024-12-31,2025-01-01,2026-04-20,2014-01-01,2026-04-20,698,352,170,176,48.3,56279.51,-45647.81,3.16,75.79,53.5,332900.9999999999,-507198.8000000003,153.35,0.53,0.68,0.0115,0.01,479,230,103,124,44.78,24817.63,-20288.77,2.05,49.16,35.98,163153.39999999994,-80854.80000000005,4.04,0.15,0.2,0.0054,0.0,1177,582,274,299,47.08,59012.35,-48476.83,2.73,65.42,53.5,419485.59999999986,-507198.8000000003,167.48,0.43,0.55,0.0096,0.01
